982 1600
2 12675 4469 
6 17851 10647 25471 10628 20394 14920 
1 30301 
10 11889 21837 19844 2028 29501 5791 7589 4479 17887 14561 
7 7022 27012 1501 11317 22901 31110 18385 
4 9584 11235 21015 28673 
3 6125 32005 31057 
4 21827 6419 17472 7506 
1 7483 
3 29228 10033 5286 
7 22436 9869 3972 3004 2343 13408 6972 
1 10969 
7 1477 8860 18465 6949 28755 31558 7015 
5 30007 31837 796 20474 25856 
5 18427 24335 24295 29271 6287 
5 18538 7223 24054 31733 26678 
5 19940 21356 10314 30845 24043 
10 17242 19950 31737 14385 24945 31012 12322 10136 26587 32593 
5 7253 66 11650 2327 16648 
5 8567 16926 12420 28980 21682 
6 31104 18623 24014 23983 2704 337 
10 10547 6740 11095 16710 512 24559 11961 28101 16085 12219 
4 21204 29876 20540 18720 
10 28973 6994 9876 14833 10720 16306 25163 20355 17726 13974 
10 29976 8335 16820 3735 1576 30521 1389 15494 8267 3903 
6 30067 8529 3848 30878 20380 19343 
4 9623 12769 1143 17606 
9 10790 24940 32478 14446 761 30420 13636 11936 23668 
4 29325 1216 19557 8677 
6 10740 18861 4774 19645 30498 26342 
5 7235 12200 8265 16937 25777 
10 16590 6776 31849 26232 8852 16784 25630 20897 20100 30922 
9 16644 16178 29047 9135 924 19203 7796 18849 12367 
5 17407 22402 21607 18523 14792 
7 26177 8840 4939 2985 20553 4143 8798 
6 10278 24744 2054 28842 26161 21557 
9 31166 12588 2277 4060 30719 4657 11961 12027 10002 
8 18182 25596 16535 6141 29466 772 24563 4561 
6 8093 21331 19824 20044 12624 32238 
4 2344 26230 12170 29960 
4 6475 5441 9854 25432 
10 10117 10341 12239 19107 14690 30758 200 9800 3331 21198 
1 21450 
2 3008 3808 
8 11702 15276 15724 8311 15583 23483 5341 4743 
2 8460 12073 
1 1961 
4 19538 14936 24136 25121 
6 11411 28440 32368 18850 17033 13774 
4 28054 18498 30244 4471 
2 111 218 
5 13272 3323 18939 30323 20623 
10 13410 12583 1787 29254 13948 12869 5530 6080 15440 32590 
2 21492 27324 
10 6237 29800 10241 9661 21474 16534 3458 17500 738 10815 
8 18174 7129 22531 8650 32340 23814 15919 21611 
10 7700 14806 15173 2953 25849 25123 21925 25554 16927 1005 
6 27085 14273 31628 17571 5036 12441 
1 2839 
2 18872 14815 
9 11238 29621 9911 29907 455 12041 15637 23272 19774 
4 1276 25481 28567 13367 
7 12880 6039 31619 17319 16879 27567 18070 
10 24764 9332 16641 4460 22125 11092 11472 9206 5919 4481 
2 25152 10142 
10 3938 2108 5856 6923 27446 24032 12498 31193 20764 3195 
6 18051 6064 24137 26254 23102 14244 
7 17749 7423 22114 32318 2827 5686 25587 
7 22937 30137 20512 14278 21171 10494 6871 
7 19291 20622 17360 4779 22695 10678 23919 
1 6597 
2 18157 25340 
4 32226 20915 18730 12148 
4 22022 6028 30841 7143 
5 28204 24316 31349 13631 6256 
1 23956 
5 11760 12130 26799 8399 13701 
3 25238 20218 32418 
9 31093 19841 9448 24192 771 12170 29172 20516 3323 
4 4476 8768 20944 20858 
4 17744 26013 19291 14695 
5 12122 18999 10188 28155 598 
9 7317 4631 27617 28547 12743 17135 2377 949 15156 
6 31241 16370 27212 19562 16956 3379 
4 16359 12632 7022 32288 
8 8472 29882 5075 9985 8378 19379 11402 9777 
3 2336 25092 4801 
8 23763 15832 17597 11238 21969 265 28394 22364 
3 2522 15696 23263 
6 19427 15606 6118 24716 3685 28909 
6 10148 25819 14479 6171 13163 5585 
1 27094 
3 25593 19479 345 
6 28028 15887 16691 17437 5518 21793 
10 22421 11333 12253 20429 8391 18603 14581 18148 31901 2322 
3 25772 28259 11687 
4 24549 16937 16714 17293 
3 11880 17565 30626 
1 14568 
1 25327 
6 25312 23532 23566 2697 24672 12598 
7 15852 24300 7861 1901 25529 8041 32462 
6 29844 26430 13152 10508 9855 3251 
3 10948 20047 8860 
10 745 30044 1852 30238 23396 30589 23140 31562 11834 15668 
9 31828 4621 26149 2818 22058 12262 30669 19640 1090 
9 25712 17532 32558 23817 32339 31697 26993 4022 11052 
1 32401 
6 27607 24951 30829 17270 3146 26351 
3 10795 4043 9679 
4 24512 11617 5715 15153 
4 28808 23634 12821 18645 
2 19558 24120 
9 24008 19533 13678 21868 14079 4751 28720 29388 4908 
1 28911 
4 31591 22730 13736 25195 
10 23556 1977 27450 7302 1573 24051 12535 8018 31231 9456 
9 32677 22852 24999 22315 8006 3822 25149 21229 3249 
5 28959 13944 28357 5314 15949 
9 22717 5181 29433 7554 6753 31810 9040 1412 24701 
3 4760 7328 14739 
6 32123 13729 21197 22878 24226 10848 
9 10363 24966 21313 27432 20761 30595 6144 26120 28002 
9 32174 23602 4495 19945 22006 20272 5457 15285 29605 
1 3183 
9 2154 22707 12976 24669 4057 21897 20219 28242 27574 
6 20925 10480 5489 13646 12939 15751 
5 17503 20745 26171 19589 25007 
8 16802 14929 7563 2552 18575 28325 20099 4471 
6 32731 31258 18757 30271 25427 13762 
10 28127 9143 5127 6012 12836 19588 29194 18555 16720 11974 
1 20862 
6 25379 26909 5876 3404 11546 32220 
2 17798 9101 
2 22560 24932 
1 32560 
9 27592 18966 17758 2018 32368 3819 13753 23167 31434 
6 19523 12848 17673 25363 22502 21642 
8 5517 5730 29590 13326 17626 19594 13618 12867 
6 11952 18867 30499 17368 11614 21967 
9 21034 31303 13243 1325 7641 22908 20368 1161 10612 
5 8947 20184 13149 6118 5109 
4 11213 12648 15160 32017 
10 18941 21844 4718 13106 10330 25464 16268 11122 11786 16213 
3 32151 28259 9783 
1 29961 
9 32629 21769 31073 14545 25100 10469 24874 21656 7559 
1 25065 
9 18978 29565 16732 6813 9262 28079 11264 30790 14007 
8 21717 3742 6501 1249 16997 24476 17824 24014 
7 21718 18167 30195 4689 21749 19139 24921 
3 19814 21255 31490 
4 1107 4251 26233 22319 
10 10378 20396 6869 18268 26808 23806 20361 16512 12232 1945 
7 12248 3132 19969 4688 15677 22238 29935 
8 8759 19551 19036 24435 9655 27199 7900 25051 
9 4844 26925 29719 15108 15662 18448 28857 25220 12994 
3 24340 6426 8774 
4 13383 25857 2133 28929 
1 18772 
8 25508 28507 32639 27178 31253 14078 25844 27893 
8 26560 28959 26974 21186 12958 18331 4323 27265 
8 15014 25119 19195 31488 20946 25766 17022 4457 
4 23601 32758 6912 15237 
5 22459 32133 28597 15210 19117 
7 30339 14578 899 1442 21372 16439 15968 
8 8447 9841 20135 22991 25770 22549 14097 20181 
6 16050 2045 26637 18871 15896 30727 
8 14903 3264 27355 26835 6593 27496 23116 28296 
1 32766 
10 15242 18186 22463 2862 680 24472 21664 4140 4881 6520 
1 23234 
3 15681 19504 8802 
2 14612 30804 
8 857 20433 13834 15021 30795 18571 14700 2840 
10 12858 18400 9337 32127 4016 1088 23637 19770 32719 17976 
9 32643 13816 239 14901 20566 22214 31977 25176 24057 
5 26924 27678 25402 27325 1953 
1 26360 
8 30910 828 1252 10035 27234 693 13193 5462 
6 6397 11146 25098 31232 11757 21547 
3 23138 7571 22803 
1 5285 
1 19793 
2 743 13941 
8 23906 10829 6918 25567 5114 4261 11486 13813 
4 5450 1788 14768 25572 
8 27724 15393 19122 17089 21881 14867 19887 18320 
5 20441 16503 11051 10641 22090 
9 19406 1672 20745 24104 6870 31452 4618 31342 31851 
3 13905 10340 19041 
8 24573 11075 32352 17773 20870 25136 18243 28932 
5 14005 3519 25774 25647 20338 
3 26149 748 23312 
5 11648 1032 1911 10755 13829 
6 31041 19286 4414 20354 22382 24431 
1 27255 
7 22928 22406 29249 13546 590 12340 8641 
8 1592 11451 31133 16484 22457 13033 20800 27706 
8 16516 31010 22455 31901 32294 21065 3929 8367 
1 32528 
9 32316 5801 4391 6159 6944 6592 22747 13130 17066 
7 14743 25504 7747 16723 10155 27829 16720 
8 13133 27511 11354 6333 17629 12624 2924 2282 
10 24480 13245 22904 30337 22378 9359 26031 19 20814 3927 
2 29659 12727 
8 27684 3789 27989 22311 16030 14818 4558 20690 
3 3867 18096 192 
1 12228 
1 9016 
6 20470 12541 20426 32491 7007 9005 
6 2056 22341 11004 5759 24373 26057 
7 12916 23605 3689 22804 17966 1219 12233 
7 16903 31969 16051 4046 20411 20845 13916 
2 25801 20725 
1 28247 
2 26316 1841 
9 8939 11357 10949 2306 9438 9408 1326 29783 9074 
5 6517 9156 5278 14315 15593 
5 9399 8435 4124 31927 6033 
7 2351 10818 17639 3469 29519 9880 13308 
10 1920 29508 6787 1366 665 29513 17084 7948 23696 21851 
3 7887 1272 28239 
4 16445 18632 6097 23721 
10 17758 26453 27274 28878 3268 20816 3161 2918 24369 3239 
6 23163 7635 19047 22722 18842 23243 
10 3171 6464 10874 28684 4488 31912 6651 32156 22748 18914 
10 22037 8614 28709 5250 19854 28400 10342 22947 18878 22504 
1 25750 
2 14214 16024 
10 29734 32623 13266 9059 16438 12826 8837 24945 3282 18481 
5 5509 14995 1338 17665 32489 
9 32630 4246 10127 20812 24329 20514 15445 19957 6236 
8 14983 25039 9664 5571 5797 21480 1108 677 
7 26285 30760 3587 10239 22549 23458 11195 
8 12828 32289 26051 31801 32627 21985 22134 7309 
4 2335 7467 13665 31838 
3 268 3083 27320 
1 13862 
3 12566 12599 30908 
9 8452 14038 29409 22699 25149 15012 8262 30798 5407 
9 9296 7786 31069 22703 18029 1413 27892 20344 2217 
5 22368 24338 3196 30762 21775 
10 14822 3561 14102 9185 23742 19416 11043 23148 11336 509 
4 10239 28933 7582 14468 
4 15567 20740 26445 4007 
7 26750 31918 10332 20419 28840 17762 27365 
5 4588 1980 1439 32558 17738 
3 19994 31060 18005 
2 25394 22879 
8 26845 14971 31138 9621 5427 7395 12136 13197 
3 22162 19267 16256 
9 7701 29601 14322 4302 30396 3488 24666 3495 4672 
6 24543 24367 30121 7462 11615 21080 
7 23887 31925 31268 23776 6597 4412 18453 
3 16453 6543 2276 
4 32114 30867 6518 20202 
10 8120 26635 5984 17061 24187 5561 25775 6896 19248 19481 
10 6875 10494 6976 2413 24383 28459 29680 19957 13589 21913 
4 25490 30603 2705 27482 
1 5208 
4 30292 27938 10828 11391 
7 13721 30251 31576 29400 9267 443 10437 
1 30701 
6 21818 2959 2930 19032 7270 23210 
3 13115 23479 22541 
8 8549 16924 8055 3285 10397 3342 19982 16134 
8 5841 26520 3630 4570 6647 7149 3094 19117 
7 172 561 656 16924 4910 15303 19905 
2 5816 15186 
4 155 8949 24361 19961 
5 30371 14683 22250 2182 25228 
2 1513 19253 
10 12777 860 4450 11233 27550 10221 17629 27431 26860 9696 
1 17925 
6 23715 9553 29828 22826 2727 5455 
10 10879 20847 30442 9798 11453 16359 9774 6582 31474 22262 
8 1865 1424 15446 11425 24986 9748 4004 19055 
7 5606 5555 25072 23548 19584 11814 16911 
2 2259 18238 
2 7970 2534 
2 28477 18376 
1 2107 
10 32116 21897 8120 18517 32179 16876 12915 10938 8194 12992 
3 20582 25989 18150 
4 30961 12540 12661 15729 
2 15090 11540 
4 5700 5687 16040 420 
3 22673 2864 22670 
6 15279 17644 15703 28192 19038 29637 
8 16055 28160 7401 11029 31816 28729 3510 31109 
8 17643 19929 18861 5320 12389 31927 14452 26773 
9 7692 10930 21861 14857 6609 23946 1184 9805 29540 
10 6173 22451 31715 16560 3999 30331 984 7967 10144 20944 
8 18131 5453 15283 22005 22017 17361 24885 642 
3 30422 29417 4441 
6 30281 12697 13934 18389 10078 13112 
1 16329 
7 29720 3853 22561 14459 2141 6870 7744 
3 434 18401 4932 
6 23866 4625 10646 29529 3529 7486 
5 22031 30293 5592 4990 11886 
1 1229 
9 28278 31830 6829 13037 28367 20982 13837 11091 18514 
3 10537 29344 26315 
6 717 21889 14589 5482 24181 20372 
9 23179 32691 18738 3910 11523 15569 26508 22875 27805 
7 8953 20462 16273 19472 6030 6291 1974 
1 17392 
10 14323 2585 10854 12719 7670 25255 2098 19498 29737 11112 
2 516 20450 
6 3426 8069 16347 11147 20372 1688 
1 27124 
8 13776 24272 11686 7891 16554 4030 1706 12189 
2 10103 11504 
5 27176 27946 7481 10751 5187 
7 32051 4968 31286 23094 2790 7415 30675 
4 6992 16319 31150 1245 
4 16188 32292 24571 19897 
5 10139 18552 26071 4 17418 
9 5364 20678 28093 20552 15433 15758 10578 6393 27679 
5 9480 18928 15670 2970 32057 
5 22886 28724 10788 10231 30599 
10 31472 27897 20111 11756 16878 29770 17402 19149 5663 4217 
5 12208 19958 12985 7584 18826 
2 13017 9330 
5 20735 21366 19038 28915 2237 
7 18198 23836 17282 13721 21356 12764 29246 
8 26224 27663 14380 14750 19929 10656 26198 13255 
9 21152 20571 25573 29446 22681 24176 6889 26228 31 
5 3889 2342 26793 26474 17151 
2 18079 9553 
4 7109 948 7701 1555 
6 14710 26332 8923 1086 14883 31673 
1 14565 
3 28277 5940 16962 
5 29327 5393 1647 24280 27265 
3 9304 4709 23109 
1 6756 
6 25368 31250 16472 20507 11390 6654 
4 6986 24198 7785 15343 
1 4431 
1 26224 
6 21963 25615 25886 16017 15299 2361 
7 19985 31003 29415 6842 4558 5720 27421 
4 25620 17503 24504 1262 
8 16255 18781 813 23219 25522 32432 7604 31456 
8 18374 5522 32040 26597 17884 2400 16075 5652 
1 5483 
3 19196 16305 16150 
5 17578 19580 12153 27734 17583 
2 334 12089 
9 29208 9742 1240 28393 31256 9815 31337 27957 7036 
5 11715 14924 7172 12497 5304 
5 13097 4349 20134 12971 2129 
6 13385 579 24900 31330 6611 5006 
7 8514 30527 16239 5656 7011 27362 11442 
7 9886 19011 28053 9361 31158 13612 5767 
6 12601 24321 12847 27841 935 593 
10 22829 214 12971 24620 5727 24725 179 5255 27447 9360 
2 13421 23363 
8 8696 32150 4075 17235 7190 25160 25067 24905 
8 31262 5895 13408 16462 28681 10233 9649 2845 
10 8879 26572 15706 25452 31923 20314 31005 24351 27115 7937 
2 15908 2946 
10 835 30236 2854 30012 9612 19031 30324 12178 25866 5786 
6 14349 24390 14111 186 17250 9265 
6 14653 4059 3071 1291 18730 18425 
3 16096 20069 30813 
8 17052 5310 7400 11243 24268 25378 2338 8267 
5 10514 12248 17871 20866 8277 
4 26257 10107 14058 15620 
8 14870 21825 28618 23106 12818 21675 24505 21296 
7 14862 27756 3523 7134 2269 29405 32023 
8 16967 8140 18939 13478 25775 16741 28163 17502 
5 23581 1240 21797 11891 1757 
7 197 4898 21090 26570 19336 7197 16356 
4 28666 12878 2805 26182 
9 7625 19117 7151 9931 14078 11780 25669 30967 14386 
9 9164 15543 17200 7183 27843 18467 28475 10550 7345 
10 29512 22123 30784 9845 16490 9664 14670 23652 8334 14274 
8 30941 11624 13984 29084 6954 13229 31888 13521 
7 22147 31087 29013 15379 1846 7079 21753 
1 9516 
10 5751 10149 23067 28333 21323 3041 1657 25238 32709 5142 
4 10905 7517 29867 13732 
8 11078 10707 3774 10297 1350 11026 5770 17021 
2 30717 19159 
9 30755 25153 8237 31879 17486 14566 4099 25071 17556 
9 22322 23469 31927 26264 30890 28483 28991 13666 22627 
9 14868 8015 663 8647 9036 4844 29487 25072 20546 
4 29051 13549 5352 23919 
1 8719 
10 27326 16744 19195 7107 24152 16253 2639 25675 22387 10582 
2 16273 22794 
9 22051 21295 31781 11682 11778 24717 5978 2906 6930 
4 32660 17034 3627 28145 
9 22782 2359 19662 6068 32434 6295 11391 8563 28738 
2 11945 7726 
10 16687 3323 29100 10511 22902 28607 29917 4677 26034 4782 
1 8691 
5 11273 14930 26988 9775 18917 
6 27295 7751 6599 20049 15433 3468 
10 6957 15977 20815 6138 9809 29429 2562 25124 1358 20171 
4 19691 29184 5866 13726 
4 26128 7650 19326 21666 
8 30089 28353 29549 987 26864 24967 32624 20763 
1 16545 
1 22670 
2 16446 8294 
1 10934 
1 19381 
9 32427 15623 27611 4117 1528 24207 16439 19048 2575 
9 26090 14683 23113 11691 14641 19727 22489 26430 24818 
8 32255 7328 14484 23198 14974 4567 3092 11505 
1 9799 
5 31160 3735 17878 4536 8100 
3 30029 31469 32627 
4 32257 17929 9398 28437 
4 28120 27608 24386 22454 
2 18780 24301 
5 17430 5734 17979 9058 25389 
1 31527 
4 8877 10895 30839 17672 
6 9525 16622 25248 10533 29753 4804 
2 7974 29526 
9 18851 26635 31806 19219 28469 30751 18402 31176 7800 
8 29933 11002 26150 29144 22417 2726 2200 15717 
3 23091 230 23256 
5 5543 25424 13447 3011 31003 
8 24425 31425 31341 22081 625 3658 2868 32260 
8 9398 14073 15841 3652 21307 29092 24428 18494 
2 10804 25592 
2 10152 30131 
2 23659 10367 
7 2084 2746 7448 25425 30110 14587 17537 
5 14422 7091 9731 13197 26731 
4 9824 25318 31059 10303 
1 18207 
4 14982 21107 3897 16179 
2 31739 12512 
6 8586 13128 29085 13797 7527 29504 
2 21070 8708 
4 8913 22954 5752 15218 
1 9905 
1 18280 
9 24469 10503 18254 31829 28318 24793 30545 21277 28177 
4 9607 5536 2903 17246 
9 22953 9563 25141 19780 25334 10804 21675 18718 29419 
4 22889 15005 16520 17696 
6 13911 11417 21361 2117 23330 1580 
6 5983 2519 29512 6234 22814 19029 
6 2228 7951 456 9462 25422 21197 
7 25141 2200 20249 6923 13185 9517 20269 
10 249 25598 26702 21941 22317 2989 16801 27358 32142 2871 
9 18829 20771 14806 3467 1131 14205 20006 21956 2703 
2 20614 27862 
9 14579 3265 21366 23916 30714 18158 26221 27213 24899 
8 31284 15368 2591 4882 21698 6025 8034 8254 
8 10747 12820 8781 31816 25043 15465 6643 19621 
1 29427 
10 12793 13506 13847 27128 26601 7626 14270 5901 4561 14048 
2 2090 30811 
4 1494 18536 17745 30251 
10 12151 12719 21162 16260 30086 23037 25749 31370 15971 11483 
5 30324 24548 10206 9347 19593 
1 22170 
6 20021 9042 18432 9553 17662 12808 
9 15282 28346 24183 6901 4045 2559 18986 4751 7969 
6 11082 24401 695 12230 8640 25486 
7 24277 26522 22572 8008 4913 24752 11698 
6 31431 19847 931 26024 17472 9589 
3 1561 19763 23558 
9 24949 153 5535 19561 7912 31106 3937 18668 9795 
9 15952 8677 22596 9856 27061 20619 7191 17655 17601 
7 26140 24796 19314 17249 7147 23289 26299 
5 31126 3497 7135 10270 23598 
9 19230 21350 5512 27872 16787 22391 11584 11060 8797 
7 13055 11227 27389 8869 1530 16579 5887 
10 13755 2012 9949 2531 24612 24851 3616 1692 12465 132 
6 755 25853 28907 14318 24494 31368 
8 13736 20378 27063 8501 28717 20002 4636 12624 
5 25631 15352 2429 28339 12018 
6 23343 15758 24017 15962 21109 18413 
4 31218 23084 29066 2430 
10 28788 15704 28008 31088 8032 13159 31228 8623 28146 24072 
1 7716 
8 8755 11940 4377 17933 30501 1332 878 10813 
7 18898 13974 20231 21609 22352 22498 13066 
3 22374 30978 13510 
4 15549 29129 32083 22169 
10 3888 850 13880 2768 13214 14885 1457 8154 19558 16731 
3 1701 16529 10350 
8 23694 15583 6833 2014 25499 264 1924 17848 
6 4679 6858 31514 20948 30489 6557 
6 7199 24643 30528 22276 7350 25362 
8 17276 22889 10470 27215 11107 22893 14322 27947 
3 10414 14653 7515 
10 9574 24556 14339 7861 19439 21956 9064 23041 29910 20715 
2 8310 14640 
2 929 12979 
7 28936 9277 1116 250 21922 21458 4542 
7 19222 29658 14518 17626 1976 25325 6350 
4 4887 2288 16042 15840 
6 29577 7843 12778 31428 5845 8881 
1 10555 
10 20366 5480 22025 14919 17688 16437 30112 13514 7672 24479 
5 7141 29313 19385 30809 6991 
10 14879 27920 8881 19552 3534 29571 21523 3654 22841 9262 
2 382 18073 
10 351 18397 23172 16028 4826 22138 17601 8170 26657 24407 
7 20172 10418 32323 23540 20263 6762 11518 
4 29791 4528 17055 27490 
2 12784 563 
10 12464 4683 31911 29760 31962 6796 18920 21932 2890 11358 
10 16455 24456 27837 31012 6412 1645 16811 1475 6194 17450 
4 20354 7866 25485 18003 
8 2628 2688 7686 26546 31526 14291 864 10226 
5 20027 7117 6134 24585 20634 
9 21067 26734 13184 25992 8870 2781 26610 29238 1739 
2 875 28774 
7 17248 10529 5380 30679 8731 6281 19775 
4 27157 1309 18236 27432 
10 7005 29451 2128 5827 22292 4058 587 30431 3804 6504 
3 18164 22756 10685 
1 13146 
5 8985 17097 7286 26531 13866 
6 28303 4858 6273 8325 11230 6168 
3 529 23780 15945 
4 1343 23297 6976 19105 
10 10561 22692 29511 26093 20345 29387 15271 4238 27539 21701 
9 26652 27942 30108 17964 17554 12106 23258 31926 12905 
10 9292 12521 31860 2522 1286 3866 3337 20971 19879 10233 
3 16701 27614 524 
7 27285 813 24412 14554 623 749 2926 
5 15510 23955 17780 29493 10225 
3 6853 13055 31904 
6 17803 15898 4168 12700 25531 12790 
10 21200 6731 24583 1147 6036 30879 29547 8815 2964 12356 
5 11928 13171 29920 13193 21998 
10 6249 20241 8239 6920 14230 29583 8169 31356 2707 32460 
6 31252 11769 6736 16486 17219 30717 
9 15522 7885 11752 25779 17713 16775 11719 21807 10931 
10 24675 9780 18519 27035 1907 7917 25513 6502 15377 22881 
4 12168 12651 19024 4137 
5 4027 93 22086 27529 31609 
9 14170 14482 7374 21857 25856 3727 15181 24775 13675 
7 16862 19254 26361 9917 16122 32147 16906 
1 13598 
6 3346 13293 20345 110 1773 31431 
10 12903 23411 19497 17189 7367 17997 4074 25660 2236 22535 
7 8254 1630 4453 30597 12600 31448 18683 
9 20326 22985 3832 18391 21413 3562 835 16178 24103 
4 20937 25362 21866 4788 
9 6571 20843 24465 16161 17373 18199 22029 14443 6139 
10 25532 1356 6608 27227 8546 18821 21476 11552 30296 8731 
9 27790 2865 23910 15583 15068 20380 31076 18271 12584 
8 23635 15512 3250 5015 31614 26483 11336 10396 
7 11119 513 27305 23494 30369 19758 16156 
5 5369 12430 27144 22301 18630 
3 2778 7075 19580 
3 19516 2663 8629 
10 19257 5717 20855 16225 31138 22797 437 7863 32689 32241 
8 419 24813 25467 16895 23961 26701 26325 10692 
7 8096 3491 321 5414 22060 547 16786 
6 31382 5497 24605 21496 19458 15428 
8 6114 9850 14709 3498 19788 28308 27489 3965 
5 24655 28437 9202 17284 17727 
1 15565 
7 21994 10584 21618 678 19057 6414 9128 
6 24179 12099 25758 27354 19502 22344 
10 10396 743 607 31322 2800 7308 22224 28454 21361 22169 
7 14466 19159 4664 26662 11421 27943 8108 
7 11107 9767 22767 11404 11847 12821 20378 
10 1344 30360 4614 13448 25873 26615 19377 7539 10958 20105 
5 11878 30876 109 1425 28817 
4 25466 8065 9395 3003 
1 25519 
3 25372 2194 1776 
1 20726 
3 31189 30109 3083 
9 30674 25901 28426 12379 4511 30808 30221 13056 14047 
10 13670 26795 768 8133 11675 8534 20834 14009 8367 25993 
9 31766 19619 22224 28090 19934 12093 29804 23786 24446 
8 6217 27610 15966 1436 16432 14715 1207 10015 
6 21961 11941 25356 29589 14509 17789 
1 15441 
6 21856 26114 27582 6552 24848 11522 
2 14997 18435 
6 31410 19618 21174 14398 7691 28773 
2 32081 14814 
5 14391 32013 32298 6377 1950 
3 27793 25698 18528 
9 4180 6155 31695 2619 29311 32013 22912 15681 7777 
9 5979 12468 19007 28869 30702 13750 30794 7100 4870 
10 9165 26136 3201 10974 20139 2950 11614 2830 777 6117 
6 9124 7496 22883 26927 28642 29238 
3 24846 10854 9605 
9 23565 7924 17532 17691 31693 18806 30956 6184 3278 
7 26726 22633 32572 22426 5035 19689 25100 
5 19044 14591 5192 5261 1811 
9 8359 11647 18250 26338 30561 5499 13339 30308 31297 
1 11983 
7 3836 392 5594 9199 11201 1165 22031 
2 4625 7754 
5 4187 11217 27873 14858 376 
10 11338 5535 7555 26976 3483 12835 22226 8226 4999 11018 
5 6689 6181 12961 4479 26146 
3 26877 4441 6409 
1 7985 
5 19112 3573 23237 7458 21717 
4 11619 32536 2239 9957 
2 17627 20098 
3 22313 16507 25336 
7 3900 24260 10194 9766 23899 9501 14824 
2 12348 18096 
6 19315 23093 5323 12968 10659 26286 
2 27455 17605 
9 5031 27988 13413 29846 32450 7988 25454 16068 10917 
10 24742 2456 9971 21375 6264 8291 8206 18166 23542 19838 
10 22327 22814 385 32768 22458 26716 31414 5073 16695 21329 
6 29932 27396 30931 2258 20354 28318 
7 21852 28695 27014 7624 26374 16939 4430 
1 20771 
10 19955 16797 18093 1601 20077 18339 29567 17250 19333 13609 
8 28745 27879 3834 2992 11440 1144 3126 18798 
1 5097 
4 27481 16282 20621 18945 
4 32181 6503 27691 10497 
4 5000 23998 17840 16651 
8 2954 29334 14264 9138 28433 23233 31544 18549 
5 28645 6331 16471 31382 12881 
10 10813 23589 13603 7158 6217 15962 12984 15065 26611 28830 
7 24226 24668 30304 6255 9440 2782 19804 
7 2508 31208 26909 20627 24548 29193 1984 
7 27349 10570 17404 25445 8606 4289 2143 
4 23539 23651 18394 28365 
3 15642 8064 10172 
8 280 17803 12498 31754 3690 27040 5550 14948 
10 27220 8739 23958 19404 1006 26088 10438 19961 23662 8337 
9 27294 4303 10686 10840 15491 10122 10643 8975 7427 
3 13672 26869 18019 
7 9409 9424 28770 28894 12928 7753 6929 
10 15961 18325 31717 11096 17031 11349 16651 11255 20925 18363 
1 24574 
10 1519 23632 4720 25587 29873 20439 32438 14291 26431 1254 
3 11812 4473 31215 
3 19979 24131 11604 
7 14365 1323 27773 24455 3608 9036 6441 
10 721 23409 22785 5234 9838 16766 25459 12694 17109 5388 
1 29210 
3 3924 5448 2708 
9 18510 14392 1641 7863 30490 19521 11084 18008 4510 
8 13825 10245 3953 28922 21607 25526 21495 2008 
1 12626 
4 32147 8708 3874 18793 
6 5646 13446 19707 21554 2101 7398 
5 31846 14791 16108 14741 9599 
4 17392 31799 3017 30800 
8 18061 26407 16735 18514 21909 24231 11087 24178 
3 23129 29889 13760 
8 10082 19994 13726 24574 8780 10887 10773 4508 
6 8766 11538 19069 27319 18951 12239 
6 25293 9211 14479 29287 7767 3468 
2 6291 21654 
6 7736 23505 11629 11989 18329 26441 
8 12742 14613 23587 25661 25490 7257 5284 12047 
2 19345 8858 
10 10730 11483 3323 19183 27275 25084 4297 15667 25847 8275 
6 9423 22948 17675 25363 11894 18760 
4 16220 7984 3227 31827 
7 686 6494 24984 17144 5082 6300 24785 
4 5043 12848 510 13749 
10 12679 16229 29561 28258 26535 28551 10190 20087 28272 2898 
8 6429 12578 9368 2192 3787 24096 8384 757 
6 9716 3004 1761 27435 27538 5947 
9 28359 18913 6687 16822 2863 4727 9265 16448 24717 
10 31251 18587 5305 25523 3447 31235 11529 18284 17807 27695 
3 23006 11204 31027 
10 22363 20651 24229 23079 32195 32053 31230 9333 19462 1062 
4 11165 23268 18376 28902 
2 13047 18400 
10 32443 17396 19425 29503 11746 24878 32096 10111 2609 26459 
6 28595 23437 28571 2639 23692 18936 
8 1320 14015 31333 1957 29434 25768 28106 3157 
10 21299 22134 32679 1237 26108 22437 19899 11000 12981 25426 
6 4339 3017 10828 8737 32562 7742 
2 9405 13966 
2 26566 9715 
5 668 14910 16329 15749 7722 
7 23634 7415 2287 19332 32700 217 12065 
6 29585 29476 32556 6399 14134 26928 
10 2786 22968 18028 4252 27987 8391 30546 30695 9400 8451 
10 20062 12713 11127 24238 17 21503 13411 12639 2017 25645 
1 12246 
7 22228 23548 20685 29547 7825 24973 4863 
6 24602 4518 29148 9877 11401 452 
8 7659 13815 9581 15593 24269 12877 30137 30045 
9 24663 12817 18994 6610 25370 7735 10675 3001 26472 
6 21595 32315 18353 27516 16200 1873 
2 373 31468 
5 5334 22969 29190 31538 5290 
3 5328 19632 4563 
6 17530 24114 24334 9955 4824 23690 
7 24748 10840 25533 15236 4791 29238 25188 
5 28169 17139 19538 3345 5292 
1 24695 
4 11952 9158 1540 32250 
2 9913 1232 
2 5655 13038 
9 11851 6242 6841 16849 12895 7847 4525 31729 29266 
2 710 13998 
6 30271 5864 31925 8481 27348 32648 
8 1880 31408 22953 18603 29455 31769 15627 18422 
3 1602 19359 2378 
7 16404 21821 3951 7174 3118 25497 26780 
7 13867 17012 26081 6387 1315 22543 25026 
9 22388 25061 23077 11997 11202 27033 24942 14608 15164 
2 10984 32317 
7 15734 13927 2810 2947 6605 24363 7825 
2 18439 21000 
6 18814 20902 11972 25817 4031 18256 
1 6448 
8 28545 15067 14873 9197 19838 660 22822 4706 
8 5743 473 3516 23387 19353 10427 7223 9167 
6 4264 2566 2780 29819 6765 19096 
9 9248 12949 32538 18836 21241 20863 17981 5572 25053 
10 14649 9022 29286 8312 14866 24199 18258 19615 30489 7223 
5 14242 18359 4781 4128 19698 
2 7169 8254 
4 19456 21562 11453 28110 
8 26561 21939 23433 29557 9750 31474 25175 13742 
8 2860 8239 7892 16013 20059 19510 7234 6896 
7 27096 6027 27085 18665 12824 2675 3934 
5 10020 5182 31852 867 1581 
2 20161 31287 
3 3399 21983 1505 
10 22357 20466 15150 11634 24880 29444 4176 29255 18495 5744 
9 13701 18747 4249 13041 8897 20021 7387 14547 7261 
3 24002 14042 28505 
7 20346 28109 31084 27448 16007 22131 30036 
3 5814 1203 24938 
5 7764 17914 13433 14870 29085 
7 21712 20047 21111 3072 1430 32181 8289 
6 15966 5982 3238 10729 8443 15519 
8 29117 406 6354 23926 5232 13566 18006 12023 
1 6462 
10 18149 31777 3189 9425 13153 9653 17890 19536 24273 26077 
7 30970 6614 11784 19536 25423 383 4954 
9 10031 5564 23374 17434 21916 5141 15264 10319 21441 
1 20842 
1 11059 
3 5005 30691 12152 
9 17490 19171 7366 18702 9809 20579 5132 11556 30866 
8 6199 6324 32243 20544 28846 12563 5065 9505 
6 10186 7114 32752 1661 16268 15659 
7 14665 7531 16645 30825 29969 14923 3581 
10 19767 2198 1828 6570 5876 8753 21020 31909 156 4783 
7 20787 11812 4549 6262 19666 32481 16894 
2 28808 24722 
2 5007 30583 
9 19503 3410 5042 1190 16704 18942 27983 7981 30929 
2 6078 15801 
1 5870 
7 6921 5079 9663 8507 26777 15545 31389 
10 28268 28698 27184 12992 22537 16625 15072 12878 21188 31188 
10 21348 24894 12908 21405 25355 2095 22823 13574 17732 14435 
4 14159 30365 6659 9364 
9 19457 7446 23255 24454 25812 29511 9092 7163 832 
9 3382 11620 16073 17208 8387 18827 17704 482 18614 
10 7510 12742 19712 6566 8423 11003 14058 14217 8089 25620 
2 1935 24877 
2 14599 121 
3 20731 12710 3553 
9 15162 12902 31077 4625 25991 8035 28423 31397 20889 
10 8404 12887 31096 23492 19908 11597 11656 21000 12258 17270 
9 2669 5548 29798 11334 18481 10941 7521 32527 21479 
5 21941 22277 23147 16681 25933 
2 14363 7800 
6 12139 1092 32508 31799 28880 28891 
3 28958 19474 21102 
9 32092 30616 25689 18850 7508 17673 7485 16283 19647 
7 10158 21789 25851 28753 21292 15097 13734 
6 4437 1189 2924 28256 21336 24546 
9 23891 23469 28573 30467 1698 22532 19987 11378 4636 
5 31289 30624 21491 28947 13403 
9 11896 11877 3587 7465 16678 3729 12572 17476 2274 
8 8791 7686 21889 6955 718 27442 14475 20386 
2 19875 20798 
6 2172 29665 6614 24633 21049 8946 
8 8348 4677 4723 8925 19827 20004 20199 30604 
4 476 5710 2026 4844 
2 25338 8149 
7 15112 6302 12287 25635 30929 1960 5105 
4 25636 15056 31055 24316 
5 17137 19549 11454 30368 29976 
6 20032 22856 20187 13708 18663 8063 
3 1909 31768 11114 
1 31844 
5 28631 2952 9527 5270 18721 
7 10944 25334 23892 11368 20237 6189 18322 
2 5101 14946 
10 31697 10927 24116 18230 30128 4397 24488 4174 27976 10 
6 15451 7821 3639 20518 7301 29208 
8 16485 1952 1147 26037 3164 1108 14289 28058 
2 24188 921 
4 4721 11213 30404 26925 
7 952 8204 5240 26798 28305 20616 7729 
3 20464 27773 27733 
6 20568 15992 4885 10998 2582 153 
3 30330 32108 4146 
2 16245 4079 
7 19179 8657 6958 31257 27843 21809 20116 
8 15731 2527 26768 13268 17010 4613 2802 7015 
6 11041 11929 9933 21194 31667 31307 
10 19502 6456 228 11443 21311 10844 10931 9942 20585 31084 
1 24057 
6 2826 15251 1531 32296 3364 16530 
7 342 12839 26154 24818 11667 19567 28303 
8 7780 15875 22023 8586 23491 4223 23299 18558 
5 18769 20879 12561 5958 20008 
1 16012 
9 28074 12925 3805 15519 24678 19681 9010 9060 22025 
9 30407 707 25300 23428 30716 23402 24909 28433 6059 
9 7221 27667 25272 20094 21691 31565 23018 3211 30959 
8 31737 1384 7801 28442 13800 21215 5515 30659 
8 9509 10260 1110 6798 2142 22839 21694 8486 
10 14587 27442 25544 21444 8260 10330 16012 19210 26882 29363 
10 4415 30376 27956 14953 4271 8928 306 27586 3824 25212 
7 13475 14111 14000 23772 3566 6509 15999 
6 26342 17370 31860 17458 14473 22593 
2 6177 25376 
1 1677 
4 2580 31338 26683 830 
1 24247 
9 19596 9491 13018 8482 13922 8582 15836 29766 182 
5 1271 17814 19748 21348 15957 
8 18393 19605 24859 21769 22447 7068 30374 4550 
3 7349 4372 4751 
4 7920 2823 12305 2289 
2 29861 20324 
8 8550 20964 14140 3245 32282 3588 17763 28384 
4 18525 6247 6126 23189 
4 400 5966 30505 22214 
8 682 25748 4678 24206 19080 24919 25895 14253 
7 2236 32346 3881 24241 9578 16317 14844 
5 4663 27549 14542 25090 7485 
10 21425 10811 8496 13319 7694 6980 18671 2683 30431 11395 
2 12040 22815 
7 23905 28832 4223 22524 12388 28161 9819 
9 25275 2033 6892 29714 9357 18632 16063 27089 25319 
4 16486 18566 25359 14889 
5 15322 10261 27728 3472 1517 
6 3168 13098 26617 2869 25849 13297 
6 22052 21920 32481 4848 21120 24328 
10 11535 2757 17551 6686 23958 8176 26380 2542 4248 26329 
10 10900 25944 28611 2762 2957 20912 11314 17240 16792 5300 
1 11706 
8 15506 675 15169 9891 17341 12770 11656 25857 
8 7814 29178 12755 10394 12928 22164 16305 29753 
9 31724 13931 6150 16163 10355 18751 9876 3479 24823 
9 5585 12510 27244 13394 28389 17034 6379 20361 13661 
1 4091 
10 18825 15737 22544 4295 18978 15549 27985 21784 14640 25297 
6 27098 26667 31066 15314 782 28513 
10 26181 824 13463 27906 28310 30736 17651 9856 23719 20347 
2 2076 22248 
3 661 18758 29145 
10 21881 9426 6346 8585 31047 31822 29669 27849 32273 17811 
7 22883 27358 30362 18507 5179 20048 25489 
2 21518 17028 
8 26748 8289 26682 19780 1752 1207 7478 10132 
9 1031 29158 5349 31367 24685 8772 6743 28874 2848 
10 3828 8659 20644 11220 18824 28688 5441 21570 24754 8050 
7 16224 12604 4722 24611 8710 7848 22610 
2 22067 16907 
7 25125 23216 31519 26641 12589 30192 6035 
4 13511 59 1189 25989 
5 6412 16115 15004 3888 19383 
8 30517 28263 26446 3409 9361 20649 3526 3441 
2 4350 15958 
10 4024 6944 24352 2471 27375 5935 2579 21163 15499 32166 
4 6607 269 10126 27979 
2 30968 12018 
7 29517 27792 13202 14872 30741 23778 22491 
4 28358 17924 2583 14949 
5 22174 28130 25214 13990 16553 
7 18549 11846 1911 7590 28868 1434 28404 
1 14172 
5 28715 17773 2116 29974 22284 
6 2948 5682 28012 32674 18497 23504 
9 1801 809 22267 1120 15697 23570 15427 23240 9374 
1 4365 
5 28845 31649 17197 24001 31500 
6 24247 22845 18315 15342 22033 16943 
2 859 4173 
9 30180 12173 12726 29760 3645 9578 21161 19461 4183 
7 6311 24275 18137 3861 26023 912 30372 
9 4529 12284 1287 3088 25256 24887 20018 15930 13928 
6 16366 7524 4881 9036 3211 31212 
3 22886 2585 496 
7 21653 4571 29434 3577 9810 29688 3811 
6 26828 21364 22513 29773 31790 32351 
5 24416 10528 5708 30831 31296 
10 7429 10601 20259 28850 14717 26023 24761 30533 18694 19842 
8 14617 4292 25312 8802 16078 9058 10256 8951 
10 20227 9717 12842 3294 10108 7527 22660 17920 192 26582 
4 1757 28059 19248 31022 
5 5796 17669 18469 29287 32109 
10 764 2199 32764 28187 8202 27086 12415 26724 29948 27085 
9 10305 22127 24724 9414 3652 21951 16608 4726 7607 
7 30706 16153 31363 18904 31378 25062 32336 
2 9044 15796 
8 14944 17946 30314 28659 5400 7386 23223 12710 
3 29089 30211 20252 
7 10712 32421 12705 25270 5831 29782 16218 
6 12119 741 808 32201 5916 32045 
2 22683 5778 
3 18007 6358 26791 
2 22450 21428 
8 17778 14752 25865 12899 25922 7888 21204 20275 
7 25159 3860 14525 29512 1542 3037 28821 
9 1255 21930 6679 28256 31689 10229 3243 12166 28140 
3 23368 2184 10398 
2 30007 30744 
4 1121 17434 31458 12195 
3 27436 24002 20223 
7 3018 52 16132 27546 13107 6924 29578 
7 21900 24423 28807 23619 31271 481 30839 
6 32004 1544 31233 19001 2456 24081 
5 28709 13006 13002 11742 4795 
2 26576 31375 
3 26871 12290 19357 
4 8889 17973 5847 2011 
10 7722 8273 29358 1932 8637 4798 25392 8420 20062 30497 
6 1062 18117 20389 13052 32391 11490 
4 10851 29977 22547 15295 
6 7499 15258 8470 23701 7855 4430 
2 30587 513 
2 21870 11358 
2 6529 15755 
8 3566 11379 24391 25817 24167 26013 31817 23438 
10 11538 1963 32612 7197 10996 15705 16289 27087 32740 18618 
4 15006 25022 16019 13738 
3 28803 28200 3706 
4 22423 19876 12578 32556 
5 1466 12182 17893 20991 24717 
6 28970 6978 8141 30949 11232 16601 
1 32723 
5 32201 24528 25754 15886 237 
3 5905 15547 21483 
9 25131 4235 11878 27601 30921 9126 2421 20932 17618 
8 1876 10807 11398 23588 858 7800 16911 17129 
7 20711 4441 4995 23087 6047 36 9349 
5 19033 29784 15622 9390 10126 
4 17130 21590 5340 14105 
9 21044 16043 21173 30390 25861 23312 1595 11331 5442 
6 18954 13248 11091 23659 8158 14021 
4 13680 21737 7565 17704 
3 10790 26107 25781 
7 22250 27611 25551 6539 6588 1643 17488 
10 19302 7961 11896 18656 10316 9615 9443 9347 17405 1261 
5 7032 23304 32341 30242 4747 
1 3245 
2 18539 6435 
8 14824 20164 24136 27622 23353 7848 21079 26310 
3 19507 25870 4825 
9 7535 13664 16 10787 2165 10000 28920 27329 23765 
5 28477 13183 7224 16067 2414 
9 17988 9720 7679 28207 7104 9179 22420 7420 7417 
1 15997 
5 18276 6612 892 1609 22148 
6 26575 16619 3086 11885 26218 8664 
8 10732 645 19197 21439 18471 24406 6977 1800 
9 1312 28531 9737 17610 30572 28544 24903 8219 150 
8 6290 10209 22156 3957 17897 12084 31955 10532 
2 22841 1995 
7 17827 12535 9523 5510 20071 29542 3567 
4 18047 16329 17673 20378 
1 8766 
3 32046 3161 11412 
8 12430 7943 4444 9617 31237 4452 30019 21284 
