790
426
890
618
593
131
288
417
151
49
286
205
763
836
468
583
267
699
361
504
645
1073
448
1113
706
450
310
575
23
18
179
272
315
101
267
43
858
303
434
930
48
199
279
941
515
568
225
124
418
273
225
289
213
1116
514
309
296
701
123
174
187
298
32
361
1006
78
190
1034
301
902
30
944
669
374
508
609
154
624
399
637
556
559
409
646
52
192
637
79
99
1053
193
49
57
85
716
706
16
656
338
348
614
271
1043
163
42
535
37
508
432
31
179
947
807
271
471
177
836
921
649
975
604
116
85
729
757
272
106
417
83
929
386
19
431
29
835
568
1168
191
749
271
132
670
144
1110
841
171
697
99
367
146
674
167
66
701
543
705
303
884
7
658
416
487
729
296
498
612
239
0
291
637
49
602
106
790
229
73
140
490
708
199
245
716
87
210
240
130
699
841
316
471
912
79
128
602
653
206
581
114
892
917
109
573
734
89
1054
123
344
580
457
402
952
1083
988
357
12
10
564
278
717
452
690
346
983
207
146
209
430
102
688
725
323
273
246
357
732
408
409
265
748
76
475
344
523
376
211
406
1005
282
415
321
264
144
4
340
801
1102
174
291
16
196
145
348
305
357
811
595
386
489
1148
1173
104
13
290
272
32
304
288
72
243
180
293
885
108
481
1012
122
449
679
149
75
922
291
150
546
158
37
709
41
239
594
30
178
344
638
4
394
26
1093
262
142
286
803
538
565
1098
512
437
1158
525
187
171
406
597
676
387
133
343
567
397
392
1038
703
1046
509
904
230
9
327
382
407
998
154
566
816
381
40
480
301
74
38
896
813
842
982
309
362
1041
152
196
48
59
329
611
135
627
869
193
113
361
164
264
285
1048
878
572
942
303
19
615
326
751
55
315
969
331
262
985
862
813
967
426
648
29
900
776
571
154
670
903
133
162
488
371
610
586
57
158
28
220
643
185
1030
1037
824
656
402
660
395
277
368
170
600
162
748
190
108
421
169
227
411
457
113
843
497
1023
215
247
785
290
79
149
265
276
226
154
125
504
399
753
212
527
445
1018
25
653
406
688
540
1098
209
225
896
341
302
592
332
710
228
19
299
197
128
760
189
894
356
713
233
220
626
402
604
632
308
121
203
100
622
553
191
43
473
453
575
1029
823
470
4
150
384
540
851
111
450
394
202
521
10
503
158
734
1127
58
449
390
467
35
1191
455
308
323
65
467
272
656
232
165
356
506
1061
679
668
74
638
377
107
638
37
186
805
858
387
89
468
534
314
632
181
131
265
364
917
106
207
467
183
79
394
833
35
923
223
166
541
775
678
916
582
174
745
301
119
5
282
218
133
441
989
123
21
771
198
50
308
322
610
905
468
242
705
193
890
432
745
58
130
329
792
281
483
574
196
111
16
64
162
444
235
76
272
474
522
424
140
306
179
220
71
462
414
745
80
508
514
250
518
107
482
403
263
255
1174
427
508
215
219
316
14
182
234
738
115
71
124
276
192
607
569
164
54
645
262
182
489
225
435
558
499
678
71
573
130
6
323
508
123
630
834
423
230
940
285
972
11
297
249
47
197
175
224
775
787
275
901
110
1132
18
395
711
302
956
347
560
414
993
517
517
421
452
584
116
488
243
212
211
107
313
595
652
2
1253
667
121
748
845
677
27
25
787
1004
947
898
178
1018
651
405
987
380
320
982
832
412
355
366
789
392
474
787
715
723
513
434
871
958
417
607
1065
1041
182
654
44
236
758
580
752
1090
208
103
948
265
1038
329
182
169
927
281
187
364
978
938
975
808
624
52
488
827
979
870
164
441
108
669
126
46
755
160
760
24
745
397
173
229
452
358
725
904
26
326
377
243
299
644
690
154
742
528
21
578
799
1057
303
544
490
566
196
269
281
960
216
704
182
54
103
229
526
296
32
317
3
574
433
135
585
198
378
825
409
108
360
905
270
888
325
1198
432
524
309
141
876
623
736
732
425
211
319
1047
222
147
9
662
593
36
514
399
274
116
272
568
28
529
751
714
517
835
698
68
270
700
368
356
766
48
385
248
76
537
714
101
549
500
122
334
175
926
73
659
531
830
53
155
455
193
675
458
603
129
98
859
1011
114
632
392
15
588
1016
211
1046
57
68
247
239
329
319
260
81
104
394
217
72
854
212
243
188
132
333
705
761
15
811
891
202
350
551
575
136
820
65
879
423
150
128
232
1013
29
172
571
598
54
529
352
258
28
1036
955
390
276
168
372
182
219
389
102
568
2
694
11
341
250
105
167
311
500
154
508
173
376
885
288
747
22
61
430
978
642
1016
537
575
256
215
558
752
747
86
942
175
38
452
53
878
203
802
31
481
435
31
231
655
389
510
475
210
101
23
1
28
310
720
153
503
39
523
730
257
490
917
567
426
737
453
270
513
156
636
847
255
117
1140
189
476
78
126
310
171
535
108
443
110
460
280
621
567
151
101
637
317
131
354
275
688
116
923
258
626
764
29
336
423
260
224
269
106
977
455
488
326
244
128
806
847
397
80
135
436
199
1037
74
611
83
116
57
351
611
171
260
29
220
186
386
960
360
609
875
242
148
706
77
243
53
585
740
154
769
444
99
246
18
144
371
6
529
15
497
73
298
912
222
525
619
112
653
90
17
515
217
823
45
81
387
480
579
521
69
626
1135
221
1103
407
288
481
625
21
69
594
15
188
447
123
336
38
235
571
327
107
171
150
202
596
1156
12
57
599
366
1022
212
136
613
517
645
328
926
715
14
218
423
217
209
509
266
407
79
351
17
437
89
156
945
652
599
625
448
794
62
774
1020
671
52
444
998
568
985
606
742
149
424
147
172
487
280
195
874
412
971
774
854
64
250
804
659
355
790
350
512
162
389
738
266
332
90
229
168
905
540
848
354
62
69
391
508
814
686
889
251
674
47
558
634
128
31
11
45
330
334
656
834
437
237
445
250
54
946
501
1095
41
358
805
693
367
53
44
650
460
19
841
591
570
27
137
156
155
51
372
420
532
755
141
1036
524
433
57
55
427
427
46
367
246
120
204
95
39
446
758
334
228
726
394
585
467
873
120
705
742
508
518
422
182
458
351
815
141
293
676
823
221
977
40
216
715
384
740
368
435
106
123
487
251
453
176
100
316
900
84
282
997
767
511
216
42
457
250
280
231
884
359
365
68
227
679
732
52
1106
175
31
154
432
95
588
59
308
1224
350
62
181
168
111
110
233
213
634
60
65
494
594
4
522
567
8
163
109
1088
217
54
358
490
1160
482
747
350
1045
911
93
264
70
1008
1
167
12
213
74
160
650
142
402
838
106
537
813
281
165
576
434
393
65
506
537
35
54
281
346
145
220
44
91
970
275
20
8
155
266
1199
66
645
816
812
135
226
237
352
416
232
456
540
1072
63
266
651
10
448
544
25
818
508
435
286
131
273
986
676
168
154
618
832
516
223
595
593
999
56
147
57
624
634
464
181
334
867
886
377
455
408
616
308
484
324
91
136
873
898
688
127
662
186
167
424
475
89
415
237
627
927
1021
173
27
1046
54
426
144
499
206
38
721
127
208
148
495
94
373
821
442
157
918
101
823
455
821
769
592
1058
499
483
65
30
335
704
693
321
780
203
189
187
30
498
183
345
164
359
160
86
1082
215
151
282
751
813
102
530
24
429
555
1107
745
52
89
88
226
187
426
483
81
632
232
156
298
810
120
425
599
998
632
435
567
36
1100
8
783
0
288
146
932
248
587
1068
219
740
256
441
319
10
117
357
378
37
291
663
716
430
537
414
325
313
1073
161
324
518
408
67
259
200
148
657
942
368
63
733
70
705
323
4
368
430
347
531
531
130
544
327
206
219
223
1045
146
881
206
399
137
95
298
304
91
830
41
183
498
827
41
207
120
297
691
376
441
399
928
497
124
1065
839
475
348
80
143
501
58
276
233
1065
640
143
906
90
529
552
582
384
370
1192
440
335
263
28
174
417
500
271
383
284
654
657
441
646
33
79
778
638
570
39
498
647
199
693
1032
223
426
999
324
839
6
671
57
424
486
131
736
338
594
23
170
560
204
244
472
242
1024
29
690
439
837
376
888
609
249
129
169
160
796
565
280
136
1106
216
573
1
743
802
408
86
776
254
89
20
1140
48
127
904
66
205
32
394
351
793
960
225
394
833
237
118
234
246
342
403
357
547
454
337
3
59
302
120
667
99
489
296
892
212
21
590
45
560
837
160
502
758
773
702
311
660
176
471
41
342
352
1006
687
187
73
54
375
922
300
47
741
571
290
337
267
36
108
176
75
428
459
360
809
551
926
306
364
777
820
581
383
1069
392
743
1124
466
148
179
808
830
827
760
534
683
117
618
613
718
153
17
363
367
340
71
921
145
544
408
128
694
995
1071
51
624
655
267
434
313
286
343
833
167
122
356
260
271
645
364
105
847
337
45
591
48
614
562
266
803
707
107
235
815
617
1073
494
34
124
465
224
507
935
267
728
522
138
1168
43
538
93
48
756
1191
66
394
229
67
482
939
468
37
651
607
221
961
641
139
46
751
189
908
95
388
260
477
27
271
390
33
273
367
374
233
14
348
154
373
301
1051
161
1009
178
61
139
389
438
1212
17
134
350
628
842
