50246
150212
86991
144221
290143
129712
43818
64098
34622
333725
159614
118626
168581
202011
17332
187328
180909
428309
321131
129082
452545
70224
106339
188954
307479
462470
47399
37735
398196
354899
41801
230358
78156
292093
7734
207077
40269
246973
94541
401310
52695
103769
27735
163983
276834
106376
394962
105427
397922
216371
265190
145200
17576
343852
415741
413056
199131
235924
4540
117466
144638
290653
61470
204475
170806
333366
6897
37051
13729
161709
278584
390795
322979
145884
54378
277467
41595
184609
45949
160351
74313
400503
418263
204262
322261
422075
306369
275796
54002
198205
91548
206707
17053
125175
112998
72476
399724
388365
135346
258482
63342
291064
16376
25583
255663
417458
46039
25485
34604
52554
124802
248208
210436
86262
123590
197834
194736
230541
315319
362501
81752
67734
364537
60332
366808
429971
268059
180659
288305
133698
51516
134788
239413
204987
275830
205240
206471
11091
262262
121540
378954
151427
221568
45459
120125
46936
75011
333612
353730
232207
114117
445693
169319
115768
90364
11331
136936
181318
20395
37172
38424
103929
175960
211463
223994
244588
368430
24079
51094
18065
47440
90353
238825
12743
58987
315877
163418
256605
273799
77976
213362
285554
106400
243555
44605
196579
257875
398129
142463
346117
110697
42961
274920
67476
377769
67947
26323
215245
9310
269358
28566
163246
269902
281011
147058
4721
107366
26014
131150
86493
168136
53215
154180
106125
183313
220110
97186
348858
453081
31787
42617
440976
126193
170700
85880
20351
390753
178568
234194
362889
470903
54482
297800
45772
342139
72114
21965
144540
134507
417334
98541
114811
238638
150541
39467
10086
500090
390492
126072
272928
194412
253328
68066
207714
77582
44395
39415
171147
377379
254175
369867
21197
44984
58287
114654
257564
37414
104349
274811
122983
168530
70438
374309
58642
164711
381940
60001
19815
271792
204205
28709
27247
235872
38864
68481
89980
118018
367208
271941
173886
90684
66107
49302
87579
129745
465130
284424
320972
428824
24505
111052
313340
149747
7353
68684
60274
73063
279567
341691
335732
133298
456095
491580
277372
218681
72756
60153
48612
46366
206982
7457
242131
124240
110185
40802
271701
117178
249151
290738
65727
58328
36887
144943
335826
360635
84306
42012
25835
455410
68169
172055
348582
76468
48831
112475
371743
101027
74606
291314
175622
181301
117388
66833
70651
393475
274983
54004
63083
25398
251863
298201
227991
13383
260074
482529
401760
176867
96398
101479
58267
62553
217866
74673
305841
251018
238008
223332
323489
126742
321052
234215
262438
291759
166685
157618
122364
322824
308266
78499
259403
251891
318572
125657
341294
7753
163098
83427
113012
92333
45163
8040
52519
113282
7805
157250
134148
221821
67440
316334
232640
219509
149747
279053
295155
417783
47519
29138
216455
374210
172137
44358
30856
104887
220407
61672
392765
37155
250814
118990
342201
39581
45337
114489
185016
90718
368811
280832
8302
297957
159548
467075
397083
4979
93469
351002
107776
268956
82313
51836
381781
149765
47255
50646
286735
67595
65918
197825
33725
273817
413419
1759
33858
115104
228984
291794
211724
231996
187595
398751
223878
98208
428904
89777
212556
119371
120782
286203
38907
18306
120763
116215
303330
165049
188925
164130
92903
26229
221323
101724
223966
9597
232498
134457
388771
159201
117001
44533
261578
326448
104108
66893
56659
74621
10550
155955
202064
19264
43356
311043
360127
80366
184084
211586
245376
37377
196053
264388
176619
184272
194727
371888
40852
11893
346819
56609
138110
306643
109926
225728
115813
92033
277379
91662
480291
10086
132186
220305
205033
455023
104211
183359
57852
91285
149698
276632
82160
190180
2874
121572
95102
50613
210872
409640
42547
226392
289606
160230
50524
194447
241354
76274
210348
438791
23810
73429
61633
9356
153582
412200
21544
40786
7276
150908
234994
133975
158873
81906
276046
22142
142581
161489
178236
60176
193503
186458
290355
104049
107023
189207
50524
457663
191804
159809
46209
68904
32094
319544
483902
399134
6751
26939
160863
67359
239136
192536
384234
371178
174201
1551
90283
4956
322739
334717
83191
68755
111612
80090
119285
100509
233756
323338
182557
274797
126739
351059
25811
287476
39173
73258
276215
185404
99272
85495
326236
41098
148513
50211
51006
215768
378818
344979
32240
28698
461798
422679
370376
498767
367810
400009
22893
31406
156384
274302
15061
137294
85715
33042
40892
355063
92789
345705
468601
15792
397229
293996
367772
42670
141077
285127
184359
356793
5880
55370
269766
192873
111483
71617
139982
166174
9531
60585
312185
68507
182835
81048
135076
178284
108823
404044
92771
188657
55794
195107
4469
265690
58634
118259
382312
260440
151250
105008
195369
6837
49226
135727
226614
15103
90589
178703
339923
30069
285029
8112
323056
6006
372405
355057
444915
91847
320958
42000
287134
69253
249819
5014
216670
383485
319240
29651
98580
127073
337720
165522
204295
337400
35895
16688
240642
17588
315301
200760
208502
189161
54912
339153
87770
79162
260842
197547
262766
88461
411803
142377
308565
255124
2567
53922
48972
346659
23534
39255
401699
128804
124016
33160
234175
175722
151406
97583
138954
274452
368637
27823
58725
140163
324906
105197
190944
187953
314204
88618
87701
146604
132192
168094
167438
170073
110239
24535
49066
128636
283910
201362
30856
162408
201868
141243
39276
392629
89244
332040
24230
309059
23230
35118
111225
196916
184736
106566
219044
282920
373349
409391
222839
143859
270638
191461
92011
73908
141541
74910
256937
83998
174549
121551
113660
154095
72099
439107
233781
85053
352709
165925
124708
111448
260492
47451
148259
228767
124974
179608
392688
205744
298368
50979
291156
227542
459284
149251
78126
29202
323753
188702
249432
48457
179063
292379
152792
316981
283506
97763
49632
144316
267766
50759
71589
165169
162489
141181
24378
343704
48005
205693
149940
284940
101028
175875
187730
21426
22255
320860
54070
191656
263652
354559
304768
223395
68296
337424
283697
173675
442798
246259
244981
142306
252256
462964
46512
477897
155390
174063
171683
369027
158525
161216
15103
86540
297463
249786
191743
112819
219147
344788
323466
165539
85515
273367
332961
285331
372251
78391
31794
62470
108758
77993
143282
273977
148443
95167
110832
35191
69606
80174
358496
281472
267643
337456
311084
303240
91553
29047
215972
359556
44567
98013
147680
262549
243626
456975
296415
67779
360287
32291
42175
187793
169478
345595
181555
30777
300029
160366
113082
316032
73001
224810
81913
428628
134030
284707
48492
54779
165905
136925
85853
127546
36029
224482
19508
190928
14757
107495
98026
319703
267147
315336
89136
52631
173627
218527
99716
325513
99644
9855
289501
35195
258458
289476
44927
47279
37914
