200 200 200
153 64 110
22 115 54
185 188 138
190 66 166
195 24 165
68 3 76
23 44 37
156 26 41
157 100 57
128 21 78
130 145 136
42 70 44
93 89 13
43 154 67
103 25 7
35 165 77
116 130 86
46 152 90
84 122 112
20 5 109
141 118 86
44 60 101
175 58 34
38 193 96
165 158 175
67 2 118
149 174 79
50 134 67
81 183 112
111 6 44
91 138 47
188 70 139
136 125 67
57 155 20
165 100 19
167 134 177
62 191 188
75 14 129
9 146 99
27 157 3
33 15 36
111 97 192
109 122 127
56 112 44
123 197 73
198 14 176
16 143 109
126 27 191
45 149 151
46 82 12
92 33 75
123 34 61
182 120 164
139 110 109
155 114 200
19 43 114
54 123 93
127 167 30
103 139 103
13 57 145
177 137 52
80 143 72
52 60 167
39 3 163
77 63 67
152 154 43
105 8 155
114 130 155
186 197 194
146 60 122
118 36 135
154 194 106
81 69 72
5 179 153
45 127 195
129 27 117
49 22 53
71 117 188
118 10 23
129 66 46
21 93 176
40 17 104
165 41 140
45 128 188
31 116 193
45 67 181
139 68 158
25 12 119
182 194 102
27 143 9
112 150 104
176 120 157
101 141 170
105 57 84
153 183 136
193 82 148
24 111 148
67 165 143
158 68 151
69 124 192
194 92 33
182 187 91
94 59 26
29 158 51
140 141 81
172 57 139
153 116 23
49 134 91
24 125 150
38 11 9
88 187 180
4 177 69
188 60 10
13 171 45
200 41 43
200 189 175
105 9 167
65 27 69
115 136 87
13 59 159
166 52 56
45 160 45
131 108 188
5 118 36
122 161 21
158 179 51
197 90 157
65 48 163
150 59 14
93 95 94
181 193 89
102 189 155
6 29 115
106 112 20
153 127 175
163 136 191
63 20 179
162 95 170
91 87 108
97 32 96
49 26 50
12 56 169
172 106 108
9 103 123
148 126 17
137 32 167
102 134 193
65 105 134
13 17 151
52 16 7
66 7 21
139 56 35
138 19 200
138 170 54
184 119 50
74 162 195
89 185 99
177 175 115
56 118 99
36 91 199
147 20 177
93 71 128
184 116 139
133 89 189
121 56 142
43 50 1
85 99 196
165 126 135
31 174 152
54 42 163
63 10 83
8 26 123
7 197 1
163 27 35
10 139 170
95 93 168
177 16 194
139 98 178
40 35 151
144 80 112
23 64 166
17 63 123
149 26 179
12 64 197
199 34 200
92 108 200
176 171 23
159 24 102
197 169 195
44 18 21
33 148 187
55 56 59
33 174 28
197 28 25
151 59 186
92 192 132
2 13 158
59 200 54
141 82 71
197 25 13
