200 200 200
182 14 36
125 159 36
71 187 1
81 117 165
123 45 142
36 162 62
147 31 10
14 110 196
189 142 193
44 17 57
193 133 37
119 141 3
72 72 50
23 129 1
55 84 39
188 13 62
162 16 58
191 167 76
163 99 164
192 115 80
92 95 59
86 168 9
86 80 43
29 173 44
42 23 132
104 41 82
138 82 160
191 52 148
39 42 20
127 149 118
159 62 32
35 91 53
148 20 143
69 111 189
94 177 124
47 75 146
117 72 188
156 8 198
157 121 134
195 73 175
61 31 193
89 194 150
116 92 22
84 3 183
166 151 175
3 29 100
120 109 171
19 38 197
54 142 97
128 150 21
29 189 156
102 160 108
150 101 159
50 80 18
86 95 163
147 2 129
57 4 19
133 42 138
175 147 97
92 33 61
6 168 14
137 66 153
129 117 109
54 50 200
161 48 91
191 191 41
173 167 196
27 151 78
77 43 157
14 95 41
78 136 24
13 153 179
121 12 69
154 116 23
133 92 81
32 174 58
72 147 139
17 5 91
89 160 67
95 172 92
135 70 161
26 198 16
8 131 68
24 37 66
50 109 100
149 28 155
183 60 95
96 30 110
143 161 100
103 70 42
27 81 153
83 80 40
196 199 5
116 161 95
127 107 97
8 163 86
132 181 195
110 190 108
27 183 99
61 155 81
103 84 145
45 146 176
88 139 158
107 146 55
9 50 96
37 184 25
54 118 173
97 118 32
145 60 97
191 59 199
56 133 131
147 58 194
163 25 131
136 183 3
59 81 73
23 140 52
8 51 66
19 39 76
151 135 98
106 95 166
140 83 195
5 136 63
99 50 72
59 18 22
80 180 78
192 187 104
195 50 54
14 96 115
73 75 131
155 195 57
177 192 177
67 67 161
175 117 122
99 112 199
51 85 118
142 187 200
151 167 184
51 175 40
164 152 56
11 191 45
75 165 188
17 42 12
6 69 139
82 15 4
10 196 38
163 54 34
151 37 38
154 164 79
66 52 174
19 173 86
146 197 6
46 104 90
87 108 96
165 101 196
153 184 186
67 114 65
196 174 16
164 174 28
171 145 40
48 23 123
189 124 104
113 44 50
30 156 66
102 91 81
137 41 188
144 103 99
172 152 94
72 64 86
181 134 24
153 185 16
56 199 197
150 141 154
187 172 70
12 88 108
156 130 7
127 30 36
70 50 96
2 186 57
32 182 197
1 34 23
120 82 129
189 94 45
49 33 58
85 178 22
31 106 160
53 176 62
97 178 69
156 113 61
181 133 63
128 40 122
175 134 109
171 177 109
109 128 146
106 97 56
145 52 176
21 37 199
113 186 189
119 76 19
25 143 123
127 189 69
