500 500 500
239 221 151 470 207 304 94 197 140 363 422 408 61 343 236 361 73 103 440 284 195 18 435 108 496 163 495 413 21 289 55 28 275 106 265 357 368 95 275 431 157 57 240 303 195 346 2 446 18 445 416 463 10 388 271 373 454 53 447 306 455 216 202 462 421 392 85 447 157 274 324 284 225 208 203 494 19 219 147 439 433 448 29 110 189 232 188 22 143 124 499 183 218 29 174 98 468 74 218 346 497 247 291 492 484 211 134 423 244 390 1 294 384 457 28 444 248 365 249 126 26 243 244 54 439 429 24 143 154 439 212 178 389 357 188 195 69 253 352 40 277 453 286 376 69 345 422 104 52 378 463 113 2 435 484 182 489 15 244 284 348 202 187 450 140 283 172 399 204 370 187 280 110 283 198 398 379 217 280 120 100 477 245 54 190 81 399 19 18 318 476 194 60 239 196 106 62 298 167 26 249 445 226 395 475 469 93 274 274 428 315 40 301 158 61 348 192 306 346 187 484 316 272 151 220 231 285 245 247 167 345 217 262 373 230 322 409 233 344 359 58 258 172 390 198 92 471 54 21 495 490 259 221 28 303 401 174 416 163 452 446 182 248 227 370 284 29 151 168 356 431 172 377 427 111 26 492 388 305 63 344 358 285 29 272 465 132 284 327 356 172 340 54 248 80 262 130 305 56 351 208 208 449 427 242 87 425 431 260 148 309 141 477 115 449 461 209 300 86 399 152 260 263 167 306 98 340 21 199 274 463 352 355 282 68 91 226 209 256 355 221 298 32 315 493 352 106 470 294 141 190 144 16 205 411 358 49 157 323 215 225 211 117 427 480 269 26 201 103 252 401 233 33 58 22 302 487 18 179 268 246 66 435 337 19 130 78 416 130 460 408 465 425 476 272 209 19 343 228 185 276 137 319 459 298 449 302 397 244 47 160 61 272 138 202 392 491 187 244 219 470 259 408 474 141 263 346 376 398 448 358 328 79 156 76 469 129 2 213 244 399 106 18 313 388 138 134 197 98 76 58 188 153 395 3 78 445 302 455 95 3 67 149 189 199 157 320 445 196 164 360 103 448 329 252 16 126 326 497 33 476 388 469 268 377 191 356 334 232 227 382 436 222 437 54 399 57 343 174 185
446
382
144
126
3
191
449
141
183
267
119
195
168
134
28
228
53
433
221
446
340
178
236
211
202
156
118
433
94
472
399
357
24
236
4
141
344
436
407
283
396
227
92
53
368
302
98
384
152
103
203
326
329
302
154
221
463
357
315
152
369
444
141
163
28
454
8
486
411
236
221
218
129
327
347
16
168
397
226
21
2
149
413
81
378
54
154
357
413
55
228
49
103
204
328
448
124
106
279
450
445
497
92
226
211
61
263
236
439
280
16
219
21
318
315
104
301
244
356
56
407
137
495
454
218
353
312
33
445
86
268
204
323
16
363
137
188
348
221
61
213
245
344
283
243
262
356
355
196
468
87
260
59
99
196
277
240
318
471
428
465
68
225
250
121
91
57
76
179
163
368
220
3
444
477
226
271
56
29
492
495
396
195
302
344
61
78
379
29
476
343
440
274
221
448
425
418
277
357
225
202
217
145
103
57
328
312
92
49
489
376
108
355
360
327
149
271
66
475
86
67
398
226
57
179
119
98
470
110
172
453
174
4
77
285
389
135
215
425
149
486
29
80
115
66
392
425
221
343
282
236
217
21
268
439
491
318
280
73
236
226
243
462
429
207
252
198
188
187
286
74
341
488
469
318
117
381
303
453
242
360
213
369
76
233
233
144
185
203
147
226
78
192
263
142
140
3
263
19
245
129
304
492
265
66
346
355
202
490
431
77
253
368
452
280
152
66
199
328
183
151
197
148
153
294
495
425
306
282
289
118
61
27
201
274
140
313
208
423
120
216
76
459
108
282
370
3
319
292
117
113
368
285
428
85
119
152
153
449
216
413
492
15
196
37
156
248
73
277
174
283
119
262
87
104
448
73
489
201
140
52
126
119
450
117
3
138
356
400
309
303
357
344
435
201
395
138
172
324
459
449
337
191
219
94
267
346
411
422
121
61
110
106
447
154
327
208
301
211
358
289
202
300
347
22
334
244
268
302
280
55
103
243
129
79
57
340
92
495
138
95
151
343
422
390
347
79
174
416
100
106
47
219
79
343
24
157
429
470
115
80
55
284
236
256
474
495
324
55
472
197
183
53
240
130
454
187
58
274
445
126
433
37
252
199
399
488
231
190
12
226
143
274
444
157
410
229
263
10
124
