2
3
4
6
8
9
12
15
16
16
16
19
20
22
25
26
27
28
30
28
30
31
32
33
36
37
37
36
37
37
42
44
45
44
44
41
43
43
43
45
45
46
47
46
46
48
50
51
51
54
55
55
56
54
55
53
56
55
57
57
57
57
60
62
60
61
61
61
62
63
66
67
68
69
69
69
68
69
71
73
75
76
76
76
76
78
77
78
78
79
78
79
76
76
77
79
80
83
83
84
87
88
87
86
85
88
89
88
90
92
92
94
93
94
92
93
94
96
97
98
98
99
100
99
98
98
98
99
95
95
97
97
98
98
99
98
99
99
96
94
93
94
92
90
90
92
91
93
94
94
95
96
96
96
95
96
97
96
96
97
99
100
102
102
102
102
102
102
102
101
101
102
100
99
99
100
101
100
103
105
103
103
101
102
104
106
108
109
106
108
109
110
111
113
111
110
110
109
108
106
104
103
103
105
106
105
105
105
104
105
107
108
107
107
106
105
104
105
106
106
107
107
106
105
105
105
105
106
107
109
110
112
112
112
113
113
113
113
114
114
114
115
115
114
113
115
114
111
111
111
112
113
114
112
110
110
110
109
109
108
109
109
110
110
110
109
109
106
107
106
106
106
106
106
106
107
107
108
108
108
108
109
109
109
109
109
109
110
109
109
108
106
106
106
106
106
107
107
109
110
111
110
108
108
109
108
109
108
109
109
109
110
111
112
112
111
110
110
111
110
110
109
109
110
109
109
111
112
113
112
112
110
110
110
110
111
112
113
112
112
112
112
113
112
111
111
110
110
110
109
108
107
106
105
105
105
106
105
105
105
104
106
105
106
106
106
106
106
107
106
105
105
104
104
103
102
102
102
102
100
100
100
100
101
102
103
103
103
103
102
101
101
99
101
101
101
101
102
103
103
103
102
102
104
105
105
107
106
107
107
109
110
110
110
111
111
110
109
109
110
111
112
113
113
114
114
114
115
115
115
114
116
117
116
116
116
116
117
118
119
120
120
121
120
121
121
121
121
122
121
121
122
121
121
121
121
121
120
121
122
122
123
122
123
123
123
122
122
121
121
121
122
122
121
122
122
120
120
120
122
122
122
122
122
123
122
122
122
121
121
120
119
118
118
117
117
117
117
117
117
