295
1 1 1 1 1 0 1 1 0 0 0 0 1 0 1 0 0 1 0 1 1 0 1 0 0 0 0 0 1 0 0 0 1 1 0 1 0 0 0 1 1 1 1 1 0 0 0 1 0 1 0 1 0 0 1 1 0 1 1 1 1 1 0 1 0 1 1 1 0 1 0 0 1 1 1 1 0 0 1 0 1 0 1 1 1 1 0 0 0 1 0 0 0 0 1 0 1 1 0 1 0 1 0 0 1 0 0 0 0 0 0 0 1 1 1 0 0 1 1 0 0 0 0 0 0 0 1 0 0 0 1 1 1 1 1 1 1 0 1 1 0 0 1 0 0 0 0 1 1 0 0 1 0 1 0 1 0 1 1 0 0 1 0 1 1 1 1 0 0 1 1 1 1 1 1 1 0 0 1 1 0 0 0 0 0 1 0 1 0 1 0 1 1 1 0 0 1 1 1 1 1 0 1 1 0 0 0 1 0 0 0 1 1 1 1 1 1 1 1 1 1 1 0 1 1 1 1 1 1 1 0 0 0 1 1 1 0 1 1 0 1 0 0 0 0 0 1 1 0 1 0 1 0 0 0 0 1 1 1 0 0 1 1 1 1 1 0 1 0 1 1 0 1 0 0 0 1 0 1 1 1 1 0 0 1 1 0 1 1 0 0 1 1 1 1
1 2 213650490
1 3 793484815
2 4 53846595
2 5 233785816
2 6 814061636
1 7 164205154
5 8 209523896
3 9 466512646
2 10 62065290
3 11 357935764
1 12 149357424
6 13 612731374
5 14 274833608
7 15 453321975
2 16 609344096
1 17 966310538
3 18 822470311
10 19 965298816
9 20 567644967
18 21 686787969
18 22 994152113
8 23 800672024
1 24 814637412
17 25 413862921
7 26 138385111
26 27 170346245
1 28 682090497
7 29 899644198
8 30 680637101
15 31 88284655
27 32 470619423
9 33 273747470
23 34 873301945
15 35 50357555
7 36 102497496
21 37 824110351
31 38 825491065
28 39 44892416
39 40 214016376
24 41 987904231
32 42 391539893
12 43 160393688
1 44 153618001
27 45 944957509
28 46 201097855
3 47 412457584
36 48 809016486
8 49 5027757
23 50 505477100
17 51 39368161
7 52 907647285
48 53 665804131
22 54 119094156
38 55 772600322
20 56 103535924
35 57 579123699
24 58 348845074
1 59 891184074
23 60 702538754
55 61 880582434
41 62 408736489
24 63 62969826
59 64 255251043
50 65 289159050
34 66 948625959
14 67 269687290
23 68 816383261
24 69 50148191
38 70 792683153
16 71 53578178
66 72 99055431
3 73 848714462
45 74 557871890
52 75 449736528
2 76 683031856
42 77 495404667
52 78 454170016
46 79 468936761
66 80 51126086
62 81 513305012
38 82 672117831
46 83 19841722
52 84 786252345
40 85 965552246
13 86 621262203
45 87 97850354
10 88 921071322
68 89 552002856
45 90 555521303
13 91 214910921
46 92 27748915
30 93 651374399
15 94 233711030
71 95 854154697
82 96 575064969
91 97 889967544
93 98 828021950
81 99 378375558
27 100 894026126
31 101 7099784
84 102 467444152
99 103 954011644
75 104 933940744
103 105 991785157
70 106 678029178
79 107 518646870
60 108 747757073
76 109 286920257
103 110 448567676
105 111 122793442
13 112 259542772
70 113 319831773
23 114 402068713
50 115 922922822
7 116 556348041
27 117 4236400
95 118 429129464
77 119 886860258
92 120 183795674
23 121 99127720
46 122 207738737
88 123 343371280
9 124 547283671
100 125 940648263
13 126 986784203
2 127 358094551
38 128 602733617
3 129 93042937
71 130 223730862
3 131 659638430
36 132 456074881
12 133 510279508
70 134 705786028
48 135 275565201
54 136 253410275
97 137 740975843
77 138 155869083
78 139 411218945
30 140 70967414
90 141 485888048
102 142 605701026
17 143 564055326
11 144 325798091
119 145 270013142
93 146 106984277
94 147 126377662
31 148 149810334
53 149 39359785
76 150 700148535
76 151 437823303
67 152 991597961
38 153 280507967
109 154 304494531
1 155 451996623
84 156 551292862
108 157 218073771
15 158 160541720
157 159 675036382
148 160 347680235
34 161 520762145
37 162 507468886
89 163 691093336
27 164 575451449
68 165 133314805
29 166 286097918
51 167 875581324
52 168 165861002
72 169 687362017
94 170 935631131
130 171 547121903
126 172 772126666
165 173 845073551
144 174 695252391
4 175 966044105
30 176 478076768
127 177 802425281
128 178 227416228
90 179 113819381
161 180 7629654
48 181 83594115
144 182 983281946
8 183 633379658
153 184 639158195
63 185 537231802
32 186 781377146
112 187 466354916
157 188 714871866
46 189 749089546
154 190 50362412
130 191 851754116
64 192 347900128
183 193 97428229
188 194 994647033
102 195 153323947
31 196 267457148
6 197 181229091
151 198 210416357
56 199 984393417
105 200 454588393
93 201 284784965
169 202 470457132
171 203 109602682
162 204 835060208
35 205 96640958
16 206 36001440
23 207 473703510
205 208 573534157
20 209 6880754
25 210 141007141
83 211 618809626
142 212 350083525
135 213 543043577
126 214 933523890
166 215 758673696
103 216 689076995
207 217 106847213
71 218 435529126
188 219 439114574
72 220 247621694
217 221 755156158
155 222 552879230
70 223 443871336
166 224 753223445
204 225 677748933
98 226 446936826
119 227 774322334
227 228 20943770
149 229 481578650
132 230 918388213
60 231 210070516
195 232 973589720
150 233 203241665
168 234 795992311
74 235 960849655
107 236 921389812
83 237 235439112
116 238 612104429
76 239 293901112
131 240 761436885
211 241 312367747
100 242 544027743
214 243 15255654
149 244 923610623
25 245 404074336
37 246 98240272
87 247 428294879
147 248 808974668
35 249 966501566
201 250 972124973
85 251 633876237
248 252 100316092
114 253 548048046
103 254 808256860
207 255 788705129
121 256 908763557
25 257 606147220
1 258 650178119
3 259 504728185
229 260 931983399
216 261 341978900
87 262 59785216
125 263 924051003
65 264 297813796
262 265 157781434
202 266 175364307
194 267 994063046
235 268 365971172
150 269 435577922
40 270 6122874
176 271 387452361
260 272 31733401
7 273 997556995
95 274 935419535
12 275 225067756
241 276 696128561
224 277 260438894
117 278 989120628
54 279 929397004
176 280 777397744
245 281 233497241
243 282 589394
141 283 908075128
246 284 525193941
278 285 354859450
285 286 55269755
223 287 251411642
35 288 119406678
126 289 33027434
239 290 248017211
183 291 652427839
82 292 771736612
121 293 723570133
230 294 91560188
175 295 77731823
