97
1 0 0 1 1 0 0 0 1 0 1 0 0 1 0 0 1 0 1 1 0 0 0 0 1 0 0 0 1 1 0 0 0 0 1 0 0 0 0 0 1 1 0 1 0 1 1 1 1 0 1 1 0 0 0 1 1 1 1 0 1 1 0 0 0 0 0 1 1 0 1 1 0 0 1 0 0 0 1 0 0 1 0 1 1 0 0 1 0 0 1 0 0 1 0 0 1
1 2 363365664
1 3 365604656
3 4 342855711
2 5 673488006
1 6 367027092
2 7 123280303
3 8 615764650
8 9 728763776
6 10 94082545
4 11 706181372
9 12 23510014
8 13 208485271
3 14 382527322
2 15 731603183
11 16 715525842
14 17 682765503
17 18 701927538
16 19 771139612
18 20 201430057
16 21 178269284
12 22 497658180
14 23 333158649
20 24 468868449
1 25 364012005
13 26 446364172
2 27 764237885
5 28 211908935
3 29 59714611
5 30 67821312
15 31 709154989
23 32 140940585
11 33 479377890
7 34 337246400
18 35 258324894
15 36 869611095
26 37 25200496
30 38 770508094
16 39 698127492
24 40 888874324
2 41 263535329
15 42 981218955
20 43 812510422
33 44 89445185
36 45 858021101
29 46 740019639
31 47 167372218
25 48 102130449
2 49 249411260
28 50 144965131
17 51 328585301
24 52 749437753
7 53 193417231
45 54 509255044
32 55 516123342
16 56 317101793
52 57 449090692
43 58 446259747
12 59 335930460
5 60 336353371
26 61 615555207
43 62 184387968
38 63 656808800
3 64 846207619
14 65 54995441
46 66 818096254
11 67 536015246
46 68 559188823
31 69 232695237
69 70 828249070
21 71 567326997
31 72 550098577
31 73 152306252
63 74 444157280
34 75 789601629
58 76 779738546
11 77 74389603
27 78 466825931
30 79 264498035
59 80 938383326
63 81 809636961
22 82 642929188
66 83 731757946
6 84 796256354
3 85 783257501
82 86 175171492
1 87 391117744
66 88 495414120
42 89 880505143
67 90 46157447
59 91 550690383
78 92 269686383
43 93 98132736
70 94 18429809
44 95 808876386
94 96 494443396
29 97 5737400
