1543
291
333
2917
3074
1250
1272
2049
643
2167
3107
340
3133
3157
821
1034
1496
1399
1191
1468
2083
886
2087
2218
2440
1075
1272
824
2537
324
1404
1300
2167
1659
2132
1586
1196
584
1970
3048
1048
1758
2636
886
1170
1565
940
986
555
346
1249
1552
2145
1148
2737
2114
2426
2120
1796
2392
2138
2280
1257
599
3188
1386
320
1737
1902
1168
1324
882
1826
1404
787
3130
622
781
299
999
581
1286
1271
2007
813
420
1806
2023
2444
1285
1546
1532
2464
1287
1628
1257
2568
1906
2906
928
2007
429
1926
1777
1129
1144
2464
2001
2635
2464
990
2289
233
1986
1001
1625
2016
2484
2017
1726
1129
1941
3309
2022
3474
3171
1960
1061
362
392
1001
1718
1216
1464
1547
1513
2134
1282
2697
445
1486
3973
2204
1104
1861
2616
1117
816
613
1216
1255
3651
2435
2634
3253
2449
1242
1576
3835
555
2743
1958
2481
1288
2159
2027
2874
2001
995
2321
1493
584
682
3390
2129
2453
769
2428
1651
846
1276
2311
240
1766
2090
457
889
2872
773
1902
1309
2702
3157
2319
576
1683
2344
2105
1485
2228
850
848
1960
1371
2294
2129
2823
995
1694
2885
853
1180
226
2062
3776
2802
1837
884
1384
2072
555
2262
249
388
946
2319
2470
1218
3772
2496
1493
2949
2554
1922
1282
1943
1123
626
1052
1373
1242
1093
1474
853
720
3006
2847
1136
1319
695
2844
2227
1574
1199
3332
1423
1859
2436
3246
1822
2312
585
2631
1998
1662
2081
1507
1323
2427
1651
1671
1596
2606
1073
2755
1729
303
1766
1472
446
1216
2001
3372
1064
1265
3056
2057
1118
1966
1715
1893
1327
818
1960
1331
1254
1887
1290
555
2016
2216
2400
1555
2293
2852
1809
1293
2201
1227
1489
2191
2797
2245
1204
2057
732
1513
1259
2891
2275
1251
2021
3296
2448
2262
1818
2167
1364
774
2404
974
2499
3206
833
1942
1741
1867
303
1367
2528
2878
2314
2517
1108
851
996
2554
2608
596
306
834
3307
1207
1452
1291
1446
1262
697
1138
1301
1605
901
889
372
1716
1359
1257
1865
3640
1230
1806
1235
2003
2466
890
1560
805
747
2095
2384
2356
886
2673
2354
537
370
2466
1294
3201
1633
3380
1404
1784
1282
605
3336
1782
3132
1336
1432
3033
1937
2679
3112
2960
290
1268
2086
2081
1323
337
400
1422
1999
1858
352
234
1081
3105
1662
2632
337
2336
2573
872
2426
2334
2393
1312
1498
583
1970
819
2341
667
1647
1378
2255
1536
3114
836
3329
1276
2450
1907
1584
1259
719
1521
681
3089
1879
2872
681
1547
1960
606
1443
729
1214
1480
1472
2782
1922
1785
1158
2516
2555
617
2029
1637
1889
1509
2375
2178
2442
1664
1113
1400
697
952
1191
2264
2225
1871
1066
1520
1631
1222
1250
1132
1265
1476
1813
3097
1466
1785
588
1446
1720
1683
2438
1322
2522
1710
1934
298
2464
2489
1663
1830
899
3380
2245
1115
2219
632
298
1707
2740
2390
1069
3324
2529
1656
1203
2712
2266
1827
3213
2700
2017
1315
1902
1763
1474
585
234
2445
1803
2473
990
382
584
1685
1596
3203
2902
888
811
3237
673
1496
2120
3059
894
1072
2166
1027
483
3108
3335
1277
1966
1053
3527
2073
1754
1183
2493
337
2885
3166
1218
887
1532
2916
2176
2969
2492
2496
1692
2252
354
827
299
1632
2064
557
1582
1575
772
1029
2394
1750
1268
1474
1361
1013
388
1353
1175
1138
3288
2502
1078
3190
1420
1071
1317
2621
890
1795
2461
1899
1970
1423
2566
1216
1259
2612
1254
1648
2735
1781
2232
2288
3007
1253
1302
622
2073
1807
1261
2604
2014
2587
1704
1419
2147
522
732
3283
1449
1259
1795
2373
2471
2174
2148
82
712
1530
1683
1334
2472
2033
337
1402
2552
2181
1579
3042
732
1480
3147
3146
1517
711
1989
1224
700
1052
2779
1332
3014
2156
2656
2367
1958
493
1976
2066
2223
463
2301
1377
643
1405
483
404
1469
2657
3335
819
1683
1478
1217
2395
377
2672
2701
1488
1699
1062
1382
1118
1058
357
596
1474
1348
1865
2884
1533
746
2190
2146
1843
1464
749
1631
2669
1034
2602
1856
775
2661
2710
1407
962
1012
1202
2414
2274
936
1552
3215
1527
962
1113
1458
615
2415
2957
2152
2466
1052
1029
2132
1108
1282
1037
2213
841
3128
2502
1821
2207
337
1514
420
540
838
458
1290
2205
2468
639
1272
2316
1268
864
1183
643
739
2205
3162
2284
1599
1937
2297
1388
1397
866
1943
323
2380
1325
707
540
1867
3077
1380
990
1830
617
3127
2103
2285
654
2414
1395
2198
234
3162
700
808
1966
2485
530
2162
2587
1197
2236
1153
2437
1873
439
2035
1242
1818
2979
1606
818
1862
544
1600
1150
2058
3389
2208
1781
3180
1996
1286
701
1459
2364
1680
3159
1483
242
1350
1472
2329
1209
2464
1361
2151
2470
1878
712
3086
904
1653
2446
3235
3293
1153
1266
2864
1995
1253
2052
2765
2620
1741
1108
1451
1347
1852
329
317
894
2399
1469
1657
1455
3099
851
752
2239
3507
2079
2916
3210
3671
2144
1710
2400
2023
2075
1970
1164
2872
1669
2698
1675
1801
2388
303
749
2776
2502
1113
614
853
1187
2101
643
1929
2588
2672
1276
1614
2589
1148
1679
1319
1981
665
3205
1416
812
700
1308
2225
235
2784
1355
1202
565
700
2913
3229
1517
290
1494
3265
2705
2251
2101
2558
3162
1207
3265
1521
1856
1127
1762
1288
819
1540
2692
1062
1360
3270
1501
1959
403
1717
3122
2132
3292
1477
2652
2618
1552
1674
1865
1854
1927
2073
1830
1130
1167
162
2067
290
3400
2926
1249
1250
1648
807
1347
1327
1835
2575
2138
1300
308
1463
2306
888
1723
1420
674
2394
2141
1255
844
1762
526
360
1682
1203
2228
3596
639
1161
175
2759
2878
1497
351
1764
2507
1079
2433
1902
606
1345
1394
2385
1185
848
555
2576
1677
474
2427
391
3766
1086
1468
780
427
362
1327
1813
1579
1672
908
1176
2791
1388
3201
2253
1274
2176
1517
1536
304
2049
305
749
1128
1197
2559
3737
2970
2599
2192
2864
297
793
2216
3293
1186
540
1378
820
1210
290
2167
530
1071
3215
2762
1599
1145
2196
722
1597
1521
1088
1092
226
3344
992
2725
3291
1181
2029
2373
2239
2059
673
3086
588
1903
1481
1255
2414
2727
1152
1996
2162
340
848
673
721
1608
1381
3001
1741
2748
1330
2277
2016
2090
1276
2837
2550
1344
2419
2155
696
583
2238
3752
1345
2080
2417
2191
3992
2633
2554
2275
1649
1069
1900
2468
2364
3240
489
1266
1271
1268
1150
2010
345
908
2500
3235
3126
1148
2532
1386
1891
2827
250
2044
1821
351
1517
928
1108
673
2872
696
842
560
1618
1277
1205
1376
1150
392
2094
1803
1273
1250
352
2689
560
2354
1143
2192
1108
2120
2135
2444
842
1716
2122
2206
1495
1125
2526
3074
2526
2277
1696
1462
3639
1188
727
848
489
1458
1805
2618
388
1818
355
2262
768
1821
3157
1556
2559
1723
3306
1110
2906
1715
1898
1738
340
359
2129
1902
1261
1340
2788
2150
1373
1332
2992
3990
1056
1239
2892
3535
746
2171
1270
1069
640
1739
1631
1352
3214
1994
2277
2453
2850
2016
2517
2861
816
2354
1491
2472
231
680
1971
939
1918
1477
3334
3326
1323
870
2529
743
3085
759
2223
2738
1728
1674
1319
2417
1066
1927
2762
700
1385
2654
3024
2760
2429
1480
699
2364
2247
357
1271
2016
290
359
706
2044
2224
818
2142
1518
1228
1182
3086
2512
1282
3050
1237
886
463
2350
2245
848
1251
794
1221
3168
2461
1052
1637
840
1651
2311
2482
1254
2453
825
1658
2192
586
2023
2411
3092
2511
2693
2152
1461
1160
2128
2836
2425
1257
315
2101
1672
1563
947
1880
372
2228
1360
1216
320
865
1937
480
1717
2001
2979
2306
1110
2101
1828
3749
3253
1144
1970
2605
1272
304
2397
2465
1214
1113
1298
3347
1962
1509
1676
1991
1118
1203
3580
2470
1223
540
630
2609
2490
1968
2646
1540
1222
2576
2170
2234
337
258
3689
1138
2581
1937
2072
1301
1108
2283
1534
2108
2019
1653
3025
2278
198
1323
2002
3700
2274
606
1148
1649
1393
1162
1382
932
1205
3657
340
2083
1926
975
679
2537
883
2094
1501
1996
1071
1481
665
2492
1648
411
1466
3378
1001
566
1462
2191
1244
2290
1217
2569
557
2008
807
831
3338
2891
557
1378
1654
1592
165
2020
3018
802
2017
313
3578
622
2289
2602
377
2479
1110
1261
1242
3243
325
2248
2136
1728
922
1980
2559
2743
2555
1340
1330
758
3090
1254
2677
2979
694
706
3300
388
1647
2868
3640
1522
2143
1278
1203
2942
2266
2328
3018
1284
483
2120
780
907
1811
2289
2624
362
2597
865
2144
2294
673
851
841
1350
2068
1414
3325
1069
1329
2832
745
630
1781
1449
1792
836
2816
2349
2466
3640
1064
2344
2963
291
849
1673
588
3558
2686
2910
1055
298
2492
700
2333
1695
2146
2250
1842
2016
2772
333
1502
3489
1698
1261
2268
2201
2270
1221
2046
1282
2277
1148
880
2244
1517
1517
3576
848
957
1698
1723
2102
1404
1836
2030
1143
2242
582
3101
1068
746
367
772
606
2262
1340
1631
2623
753
3678
2550
1124
2817
1005
2618
1934
1352
2754
1136
455
2401
1385
1881
2795
1942
2431
1560
3960
1067
1564
1842
1214
3110
758
2104
1770
1217
158
1971
1908
1295
626
1710
3004
1448
1460
1686
1197
2985
1012
1108
1141
1126
2618
1154
2071
1980
1066
1128
2598
2317
291
3114
1459
2944
2872
1977
1460
1470
1543
1951
964
1058
1458
123
2958
3162
1048
838
2535
1157
1272
1107
1092
2597
382
2178
2296
954
1671
901
2414
882
1358
1407
1518
358
2546
2289
584
876
1150
1249
1906
1223
2846
2924
2407
258
1518
1844
2979
392
2535
1927
1436
702
1064
1005
2647
551
2677
821
2194
2394
491
2171
2885
1367
3541
3344
2016
1803
1094
847
812
942
2212
576
2129
3261
303
1690
2083
1934
2457
1118
2828
3054
418
1455
234
1243
1558
855
3175
772
2589
304
3110
325
1005
551
2761
2021
2395
2964
1260
2241
888
565
2464
1462
2224
433
1911
3640
837
2782
2033
2913
1902
2564
2769
3172
1236
2499
1347
2058
3206
1066
3070
2979
1285
228
3363
2864
1351
291
1444
2384
816
711
1333
315
703
880
555
2407
1827
1946
315
706
2033
2688
1663
1104
1606
2655
1276
1348
2588
1251
2196
3626
1959
1422
1016
2270
743
1446
1205
3620
356
551
2576
1446
2467
2201
1295
904
575
3578
555
748
2190
1638
2572
2370
3646
1543
2511
1347
362
1592
1511
1690
1709
1525
2493
340
1296
234
2236
1096
1102
328
1469
957
2919
551
749
2222
2900
3197
1814
413
2043
304
1094
2460
2184
1716
2409
1110
1985
1414
1112
1862
1356
1084
2163
1984
2263
1987
2048
752
1504
608
2205
2323
828
2124
1577
2552
1761
3250
1286
612
2916
1052
2131
565
1521
1446
1330
219
2759
381
422
382
769
2245
1064
2140
1611
989
2066
1263
358
1965
617
2218
1847
865
323
2674
2057
2427
2059
3268
1069
2201
1817
2682
1966
1216
2081
793
2671
1261
1958
558
1448
1583
1905
1995
2146
3130
709
1313
540
575
2442
3921
1483
892
3018
530
2241
2101
2517
3499
2464
1205
2454
2010
1449
1203
1281
1225
1998
1203
2033
3592
1566
1264
2360
1278
1145
2223
1286
2372
1380
3157
2488
