783881768
81610880
622872143
405955738
296778190
865765153
839056982
321572885
926294659
332966986
282693485
500016892
651688918
303246739
754930742
212040717
90019866
633394133
294955046
850249983
190081128
402327987
141645528
256157714
163997806
367651818
321209657
102932664
458832501
895824535
521163539
133608169
461926858
602709125
530666299
345431123
297524072
906389083
621562163
619477143
106592178
96624317
720005274
215795872
820062857
966318498
243603595
280517639
611498552
356079335
438747327
867808215
182766651
8396744
195221742
368911614
214687399
380959665
852829480
12618453
158563011
17774979
608990965
205475867
598915918
238523966
954786106
566758443
947738037
698442429
166987550
856317415
196429704
425516362
293277548
547802492
125202892
483791089
167545125
936361835
774082169
625361192
691046369
884796440
703891111
673392587
117312869
534959184
126496298
298569900
931533889
566864969
787265413
570600751
557568230
419725767
834329678
674853904
136767292
224381144
878093599
453641502
285247283
880610250
201146111
914826717
445327858
395479556
229625689
332407003
721691882
707944188
927593504
842906463
342026970
443869588
457365754
811837617
599277891
133725868
104498649
975930598
624303847
293124265
833509183
735922029
951266894
216733105
816317073
694711684
168398718
298441839
5675490
446079580
639113368
167838899
129731935
984710285
889961250
300267368
822931600
422826043
332154449
228031146
48158670
72445038
925823561
576868704
672682370
891733264
502453005
623041024
43341344
204844265
730272229
405707803
12367578
355094724
772804515
373429963
616088223
380091724
526566675
84599816
851526735
317885208
539044489
709850666
271122010
701672655
397831195
230036151
691795433
699505808
740479839
728994252
913625401
118215732
433274105
686568055
460249154
125821425
889428652
649247865
285114432
769148442
502142838
781242261
795407228
430961998
93889249
789270318
520367255
988270832
275865204
406941604
118916860
823790825
287434792
757521284
321198182
913513355
691390927
448757289
50100630
244755642
21923218
613141960
596742449
171616488
762899253
638177246
82512284
275182788
590646862
375975363
526807679
557029005
537064159
44477412
327752961
394495977
172084253
36068847
456275018
685730823
108202489
663039807
64156397
566969748
182802960
893009113
96986549
379053063
255958906
695369883
44881942
63332340
793179586
725393724
902745325
409420666
90025245
18360315
92332892
120092973
920515778
792187086
838214474
580586171
183931170
284531841
662048079
191412666
651908551
930540094
354498411
978725604
384202839
572046230
374856850
65234613
234456274
117611516
67212147
651784109
557019667
718416886
550384531
786097697
316346392
882254844
675067211
549966905
723616230
925917398
457981433
7912220
564514935
107748510
634094631
96761231
174437202
491069908
152157476
563751764
35031482
943020870
961737431
126504493
759824621
120792142
339760113
623029421
112750892
83956726
510439917
125430262
311558024
381917905
459456560
260599092
326802443
901482936
437159412
137234446
571683638
198438255
805358077
751647477
309701377
69427328
88956295
772980017
894556950
495712158
306803716
85597705
385365436
862354761
251796316
730528779
138250269
824719989
69368948
56815332
239665125
548082448
913598885
369662743
18548177
528984135
442625629
698631276
450288109
224981112
332679
706212945
904403892
379118346
15077025
944294446
119128605
342656646
793287853
35763821
622357450
487122880
237061673
227198279
656328651
149914846
354573462
37297300
429907404
605914561
776403777
478308286
372027171
4537094
212969102
249284674
261960217
444806493
996801695
444281612
674675271
774525491
687631027
178271930
795334200
938496412
128041584
847566464
636672418
313445208
570496075
721199732
88538655
849845657
536217157
493483392
613780798
543384597
247875388
792139622
692861383
644051581
676317286
94271250
148358940
534394714
818531468
745483720
970787413
751592158
854109244
860494087
837813842
638011677
220046236
517174412
41547576
346786322
124683661
166092068
60101612
260346866
712331850
332200931
495290318
45906438
191908493
701229268
150747680
30348169
223599037
175480994
778360930
812847461
747973561
740105974
624231079
135400991
823877754
4881963
502116509
375559413
46933846
543242459
781934653
8847731
250130222
71906388
229509110
564317912
713488366
56695193
327910405
927262064
746048634
263990336
339687858
656453712
399488588
116976060
87975645
63629282
249539060
18809830
464065710
657987075
81907439
685434448
427652531
703648101
340922113
139053251
501357322
736852294
795270881
657527547
615760609
677017766
922069856
690678825
754011745
632250440
397899888
772076614
800107828
278236276
283643161
347434958
232312436
467674680
397512940
750275569
371173243
518137333
334669722
534350506
750497452
571475311
322038946
757324723
58230902
612349131
383149975
931046433
25528028
518062430
835533703
736736825
543632110
89526306
437802251
614376290
973911229
956861555
710200086
49228774
94945013
147302321
918876723
938089153
397655340
660942548
146487729
729622893
783440348
357370202
85558314
533642814
207211608
668662191
83530983
9029509
682696594
201561180
7824495
270442383
552365615
976398133
640498193
921411231
929187524
508573151
778005057
428062882
186494982
453985942
99835657
609492589
288897812
32494855
835094867
316122272
953231055
104195436
165246771
520611712
219416349
296008158
159005225
867084475
573600493
194787025
176603806
553462878
697304128
450296195
857127415
792266794
845482759
610455165
736627113
343032826
514705136
456062475
39077657
104444939
229955578
648302127
983536750
252963192
585319605
956081631
103821673
656290779
40113748
374107742
335804420
193730
974908248
109057256
635983642
462198866
915895526
289680764
249443385
185665977
177119700
31549459
899005803
140400142
646620062
625418001
857718852
976107783
842451202
57947243
740040332
596473355
87098813
883329024
444626805
352285086
947678970
979150367
695202583
10657317
402262061
120189396
230825097
5727294
169119058
940154181
988734135
185031976
165347838
829622878
264988648
296008070
336287712
255821109
746924805
242248326
967533158
151565014
315240606
415467972
31236105
507041532
240812903
638804082
950665699
828913088
707892757
239603368
375967121
548305825
121223351
286732271
419235426
945308879
710737454
722352984
461087378
178335093
210475588
614986633
706765356
697597745
180913367
740766577
230605380
710251741
321586446
296251007
997337624
873596142
740556246
564516675
749926058
134960527
439095144
457424287
628369361
187628964
65240737
391712290
153973218
702212291
378024674
571159788
510846365
859994039
425795013
561506047
180456351
297286134
891444556
469824926
835626696
753119385
325516854
116642601
918368268
554605303
189464970
365488968
50939896
251185568
137576218
733713891
729063244
202166110
321673792
30819723
871486950
317504906
149015651
643332671
61660840
299777186
488447484
985501974
993522485
852168300
576075713
36198542
105220318
639579605
624140611
779791957
349784195
913966741
322032867
947332316
848505121
15016687
672765117
841120107
728311846
426029653
509088764
446448002
774891181
758594799
253551272
691606174
521145544
629162096
496120310
686286163
142620403
629196828
731483865
21184170
753912938
426276763
798491885
837503976
633142786
812879143
966799784
429479075
252588785
18021365
889065247
145157794
349206069
957642324
385971499
621154257
171687828
119089130
715544315
452251
348769504
474958387
626091592
970422263
558885184
435253858
189692709
336153654
584962852
585788527
799980893
807028530
666396436
126683868
184838405
634496634
320176668
667490853
613038717
870619930
258161672
83958024
467198113
332365245
898890767
480633509
888921415
875938215
61725514
493243101
807137510
655345810
672439484
912853619
596977638
738054986
754487340
849503677
956684385
305516095
356789450
403827828
914831551
672615627
888182914
790278563
895157702
548149904
268574468
953424033
485646770
489441303
24666778
104620235
442824396
66112990
250628425
100402734
254679660
504612567
112262791
123902917
908782088
82684820
268940048
719731607
405631754
115585762
423780304
251821852
139806463
914196247
856390790
309857784
22432976
401028156
902546447
431533709
643277801
792154457
361936605
527899119
157002977
403959738
244155114
509485459
827255743
223041603
315594155
581576858
357174953
796902334
769380238
549299783
832431476
173159074
541329220
85656437
257974192
375219498
295864426
476332748
884050653
307897027
475082093
615265353
763530992
924365219
703801341
873955634
35863425
47917442
78884574
315658184
528448991
207011827
168328920
695150561
799162499
831740138
551209693
401690510
971695352
194698196
207406027
704088189
328822106
335450461
689925647
753741066
247014888
403632193
955786050
994693439
340513250
537381707
631030842
427940491
161091466
814488083
755770831
177924177
628067056
146152790
124746362
435642642
127652267
206139981
754888528
857657849
191045301
304353650
773146878
811170554
424929265
302215922
12787565
308505926
74543416
709480819
518670820
404870926
787508394
600012184
621656260
387227881
309370172
232656418
127597539
54329145
393572997
622875629
899020816
984184685
72943677
889389155
403745403
823622458
189533359
519257374
73433483
688748512
570681517
219859511
429702956
692419173
750211844
925348089
412358400
753072044
61136742
450872859
970986971
193264602
742801927
899955089
74035042
139361580
577868081
404930577
889779013
290198076
197309000
621850244
422551343
65650634
531296199
536935696
660252284
956456056
579471148
145465645
544900142
99300808
938589758
408023060
910363523
830017058
882963327
102372482
950205545
651684366
161796859
99272005
81237341
508749450
175349944
47834116
352644205
586634844
909670710
640817619
963072761
451391424
833160842
940228501
867450769
28174439
201808248
625240229
763625847
912053705
895901674
461063791
854590127
290135651
188821315
77649021
824384527
650438587
737280259
726353254
349398909
370156836
981243692
344954053
27819946
100934047
150708073
412446417
750435249
219430889
291587837
748015366
574237845
27909641
631930236
992285355
76240371
560502052
627201716
157748650
415046795
58467463
334556131
777247438
498686186
364079292
583711950
500874401
863716314
197357981
408235248
765833717
700219875
362348824
653821899
560378515
52352190
906020070
367037304
768070301
531916811
660955050
755196423
575753187
202703947
19076887
608521946
992475258
128803153
854646685
99723295
990440954
925004259
106550833
733063869
121365005
421400090
889370510
729952939
229573695
184639425
164141376
642646533
587497569
460328969
389878596
937811683
502233926
945008511
742700338
446574036
578247688
480036720
171251427
587629818
813171485
477984914
243253286
354596134
294408970
129765725
119627339
92905773
913032082
652914211
915653883
846285227
924472641
666682885
80161274
331025682
153558145
545442163
970852009
296562190
554764518
966448231
160911649
500768948
319385526
490137972
89367445
640861274
678995785
151388790
750300787
264248060
653736550
328518398
314661241
170339868
955620087
492430156
471809123
414949619
918172263
695955836
726003540
952139755
253688526
817918709
828888425
871573576
237567939
801628573
102406893
478408009
100770492
373684087
218412892
365921298
185600900
439451930
93279032
771972161
30629747
24822623
462858271
408049132
384384526
761502763
13566704
704269745
229085526
810523960
327873178
893561360
992880990
550515476
902261779
87519553
118718355
938417977
124522283
893375161
3477555
448069287
651068457
255803971
366923466
122664229
537705168
51680949
541691902
207166154
376553839
182664785
492132829
616406296
474717194
226204456
349218453
684685790
298042967
745753894
954837221
625305126
646767844
685683890
813597527
374336654
252488227
529405095
382428850
914890874
377212011
629290056
956136808
567154384
241075848
40338768
40815613
269229198
317232710
149249528
883120416
650920073
250110912
505246192
101296076
81800182
624043199
15965779
159293573
560129363
124009128
218855162
547095814
402129067
266667811
943964320
202153272
217661237
322276962
954108680
832006263
622295555
23257537
907727879
557730253
226048474
162728802
771776170
481752687
862482165
860973263
997662272
5308101
919121080
119289506
127906619
406400074
398374727
17662410
616508840
633927188
834340760
763717907
382359133
764971977
20732126
948526014
611352304
290485579
763225871
75055483
800726273
165196660
794994918
97555730
41944253
286643229
926272192
576301572
320549573
756398356
244253757
601433822
77947267
80444603
315956855
49500240
810111540
586563787
382288927
472456961
488023621
564794899
912901606
384200773
212812994
297948641
401760057
20190769
875171553
744693605
450179680
542248890
77979537
202299488
70474012
6465935
40810037
432309162
660955137
217082647
297046227
727148306
373972490
780422717
470611800
788074440
66091701
946800128
291761113
52913678
84395590
610580847
156583331
353114731
704580374
60439817
23903649
876332956
993567409
275118801
224388108
586564696
973644035
585487135
471335622
841402001
179811005
660218735
237036752
765469971
209981092
910725630
154522097
413692127
452164099
666610706
586751351
207642912
427309558
591823104
788379155
876524145
250913519
34684735
84934965
229285623
796319028
992291359
659902004
154891127
230270593
22923102
277670104
707573417
913636729
469525072
188349744
775742915
676061360
764558236
877463068
394269965
192587617
923867032
938032172
339834391
454320412
742274451
33349001
344761487
652418390
274201272
249998134
68220393
350729717
669224531
608594871
281197111
515805366
275676500
102570437
69658659
409256207
533242070
279942359
456989729
280211720
25707871
941651305
8604011
220030432
930585652
967096968
712218887
289096580
438934898
105814443
152153386
207394387
517820551
83379994
529409144
576782820
621880184
529942742
314591474
210132805
318314266
159302065
655161313
978242969
20095096
26677454
152603817
722782951
577611078
962302226
380470369
316906254
672671965
991501404
439975879
540324129
695866386
762676557
267504687
59777886
43241664
314822837
793799479
110920137
258186678
772726446
724761625
569394089
562465981
79675172
308048902
640994745
430086444
538344345
718874285
756953381
280256343
676446076
768428990
299390654
395733006
371613052
711663886
89044246
614211966
955180927
807734554
829784308
740613822
369448664
88871670
835441927
147890617
175893103
391573909
253715712
461119161
139978451
207802931
208037366
536814991
157435363
35910432
252259020
923241903
776761412
968531289
841594969
459850790
202885829
966052731
22489640
148728299
76662060
803055750
644150377
514615868
817799845
824738506
974328685
540389666
87916768
350272042
808130643
29474465
301449565
410983420
249212756
522507947
32447259
750103968
223428000
511304442
642078755
674557431
565149293
851416535
329877050
791313222
733972542
113557701
891853802
5190394
291422174
771360272
202853558
79288204
766136706
693072338
39431858
822799093
745260311
357719831
603889326
234987789
828638851
561636121
565979171
970116477
359350822
182733392
987352650
573807251
370306000
732869555
784678106
620520595
980083042
33324116
529175009
550994183
584231418
901923629
581526356
902185955
554663329
684197559
855829613
136177053
84644574
412226812
14970231
50902153
839876168
132562487
75282060
423994698
993797040
798875883
333232836
605234393
197985455
878726068
36117196
809720631
544518958
777962156
986460585
429470609
463907405
412049092
147324064
925613737
617449426
328803383
378758007
625577244
566142083
148880356
56180810
432368724
436634472
613132309
389241490
806507789
18709374
27742365
138648982
653080892
980102694
205005462
384337084
257882115
85330365
523752422
574046212
757235196
813594350
604346774
650469529
390485604
463684523
27861113
892549916
997058013
213783633
2717583
473757723
319937120
25091483
76803701
1400854
965407445
350259153
329977572
888840174
928014567
856492463
128357810
627034609
550142857
712925041
149784189
310996127
603653280
548558480
692404496
331864749
992604434
890219235
987106586
304282297
598800712
335165764
383450454
250367061
750659436
4028523
604234982
195443970
360855458
985214157
694642511
792937384
801838454
975267829
339228235
896407242
215697292
45318702
63232618
994908700
786067841
245963593
552851745
221164903
126682084
622384625
223508316
926132865
997492267
786261780
839626686
655271888
664511558
419499952
872555023
114729682
872355280
788004014
651276481
965754045
752184068
40798490
13634999
329116481
465038384
951929168
977169796
278286589
841758759
603157071
504743032
613287148
750834113
754864533
322136852
897554034
119542146
114448858
68768855
693784975
617040293
93960655
338507196
725688992
992396258
537240208
272049058
542080916
779161350
170384457
83799461
502918068
926580569
688369447
767647594
799725933
888875184
345336800
37940442
654610213
988018421
311031816
319570830
971389772
429465684
883874705
962187323
484420717
286629115
516011951
504957660
817770398
107407282
655490563
282262800
147382338
916918039
532697748
939894555
139671193
235378234
317347740
804864365
208296901
472749901
65282109
20084909
817258944
417140775
214729773
67629963
810520788
561868032
205137160
194240181
721527385
744665730
690610358
364638263
22804974
567933249
703133956
545238117
433851306
70783675
688598004
78311370
41783755
429637613
142344043
564660060
125575266
768259604
366750365
96496506
753565914
448596605
887133479
955243730
977172527
857425341
452279393
89145362
413036166
511396611
109820904
464243448
311401483
70921459
577292735
574042361
284370427
679270835
897387052
896149658
787099503
114066292
730095324
607060227
471243153
591566265
11707991
851907551
480357547
529954267
339236491
847192891
384293514
826411099
949099062
453856035
255761988
376583228
826776355
624478700
574258810
591878871
777454003
65682275
515585735
795946155
72132913
409307360
566026147
12736430
68717988
484549460
939853378
682710294
78085675
850424457
211300334
330289617
759324907
960842285
384545814
139738595
628445446
636940834
163950448
856061196
502216093
293878789
339787947
616158526
865669090
831346116
781657950
798256670
225037140
233345789
405013808
228072864
132765451
941389882
165736072
931543266
216312764
641722509
520051927
910394337
272162654
455829914
831380795
540531537
748931953
746772313
881249990
891594305
229574347
952065345
268555030
827112075
434955895
757381204
300072737
318976303
865848762
697763946
443803304
321157987
141310646
906681764
783737474
605422967
677966178
432035145
149125111
768458851
747530652
137872298
377738172
623952330
351371601
345632516
614984639
765387878
442144997
146360975
554660336
343144120
477696383
868766250
52948718
544499465
685863955
135922970
509092986
200029233
5555528
112104536
687483396
52385036
655501704
518742414
880895076
761973166
753925304
884875751
869663115
987749732
560302628
957200686
623394993
21847239
903973742
226060888
930566823
954172554
333733340
603117257
35578864
224285889
140188273
313844017
672231985
992703341
257408384
58674770
537431237
131405726
722055050
592169316
235045178
868107949
833375534
585107318
313736314
296085614
765840421
642928340
110601200
837990194
434546890
833714033
463379325
939741112
432633579
394916858
155394835
897019407
693891729
589377786
823188779
595515389
641990997
500051762
579562198
461511964
741290464
924867618
215417990
214089039
558226896
982147882
217733313
815596286
726131282
92188845
326342744
303002247
529762433
3545044
844639246
933168182
807776243
63998303
447041688
907880995
529133802
16230521
35311019
849910642
229924348
203265318
239787496
678044956
56434188
657515071
374433838
755370417
439376746
101810593
472745439
534279764
280663353
768885099
781513286
563265830
902882928
246923087
771425311
229366573
807710859
624108988
73031021
821214614
492583368
697641970
261773394
939492003
546146926
307073482
671951575
686257990
259771765
857170642
519353749
661273904
104398365
96349256
292993319
583124655
148265227
858984180
52951552
247023933
948584708
413920156
323794856
217937659
85743807
767760330
872306601
272882528
305168945
737836348
345518360
320658592
401207301
436970951
920534834
792237049
484094449
401982152
546475544
368442744
721447489
288743828
558503133
199649217
975648900
502055705
594472147
127560658
134202029
145670364
348488459
253215512
933222797
908604341
755885754
837493718
765958796
131952464
98575444
67648754
87694387
130258568
136373206
426949837
22869163
362871756
251529263
802746945
303137664
929566421
896972143
607311581
285010664
454923602
885913051
753818155
750929083
270978222
755300044
457868769
649889666
280808969
282204483
516023166
523184032
788752326
876814162
910594613
924356680
956046257
258404884
369936332
265299041
336512428
105588155
543018580
77884488
588894513
722326903
351676078
139018550
40124250
2883103
964337909
214777703
992042479
381530155
638055752
915344801
702655722
380390155
95696629
186692492
730621374
930963340
87690152
910261639
259792473
587828240
668319515
212364414
57130190
377804545
359710582
15921958
911281654
69688582
238073411
377745189
590907129
341939552
127160558
481191312
787947686
172270156
682329165
590713685
990187831
827455491
150325669
337947587
40056062
354627340
203705136
337888671
591471273
407243200
786357335
530475321
657116675
124963191
205902771
520588734
372669440
914241596
555103333
320894904
188395514
532237626
578566705
392249677
343967400
873401078
524407389
392908004
980866742
969797097
372562338
711100122
542142140
539509829
790879468
386355861
179574904
762552377
817689566
713301729
821141905
349104663
910944941
496014243
568866812
191902017
645453748
250271328
330718828
895215263
3185985
387593616
639845987
460067411
839555704
566991227
372275565
169765143
649815175
919827691
689968483
859974942
947117893
368624840
388526296
502625684
752896682
363238811
479494549
500160295
860236122
239435428
426031419
265407296
102570334
843310119
409899924
314200594
291590639
523543286
127696208
826631178
695409000
985146179
123804569
601977910
296896826
592813222
35416555
31078209
694750621
255345892
549253692
941964046
757678159
546572403
69944345
499628313
581360440
56735253
957931626
995282555
503695376
398812706
498738090
479512847
840256611
616787112
645094069
513492918
223905724
598993171
125804093
524223175
773012684
949076665
490682857
858522274
802150326
220275191
618907841
31459722
617490581
808573964
530999136
138505054
374196774
742302119
549663327
119163416
124946593
302257712
718860841
509602758
452604513
11390388
391906251
940989847
323759359
46698633
163698905
523235263
144933246
147541573
524577945
457271507
934020174
231493661
822406368
261931955
893928559
314103659
663581015
625552616
259448366
980566292
735540089
590242402
747882897
88779959
200047334
300877451
47088236
607738845
502923241
388485306
353650884
464173334
882086797
721626008
651184333
980860235
546041258
829539597
471302293
840928661
184871359
148245787
573887102
832607938
838571333
872507304
921490734
93463043
354965716
708254533
704133776
992188138
764976574
22770398
171155736
957596870
433525102
730200898
770776200
781786675
256452921
918042860
741951215
120591222
991950476
357078885
749432564
31782445
441965882
234564737
252793463
175157613
147857787
915327751
46454580
161355686
163736802
949114540
583497335
524150337
687495911
134414989
833095759
363766192
5792230
153303316
831903000
134310361
825937621
981589005
715137793
559119083
19314918
55313928
288688583
776144553
506976647
126142437
405820156
679082683
795339094
459133090
381308122
26248885
649101050
891839891
44214903
275773495
733452244
848294584
947689224
461206533
820263249
180311555
378003072
292299598
320693303
981431254
663418258
653414702
749245857
306027987
181307886
423337125
967966594
220481965
78009387
132768274
263982650
921957873
668699561
521074068
671941049
23180985
128390183
43994856
291502935
750807153
49359075
124738233
116787162
514747760
697275793
77584554
315225580
509421358
751195711
795415890
211585645
137137366
541551772
365820501
819689247
74854772
145914530
754164040
771934599
296728706
282423076
976948178
373657304
283528294
573234581
834161960
92528417
132253057
78350189
904058411
454447448
106980212
957001435
834678097
175629436
15105750
488719825
223570841
459003011
470717519
377924523
305173774
949675
514320663
714798456
784160675
299151104
326973
508875761
798724966
604979890
803408818
240745465
215396763
522594656
810328473
880636299
215548399
351086541
847320201
279762540
39340248
635685381
159211451
543644492
79964782
146878760
973651464
856961488
602685429
477554179
88132292
958118635
322875326
687753548
825948247
143087458
809939663
321860973
870037833
142379096
716364026
959943454
842873073
384019100
597521187
722324413
275675865
867053653
111776649
11647819
494410685
541092564
80779985
299220940
464502549
331703362
470891878
731675059
851522159
283038379
631557456
557320291
339428695
8210512
612573097
939506409
456074752
556388198
130084418
951778020
622439068
150313776
986367311
810965195
628369794
152013438
449921852
977580703
796088284
916979854
467730663
502324791
425875142
395048674
637479222
813901050
660084462
500736778
722861151
633839760
916153862
688756407
837627568
536501219
376913980
489562798
645234635
107900758
444402790
462489590
76220706
350230336
975790927
100681537
132831042
426111149
753214390
124594918
658018775
194187024
213932612
934336087
258811201
972719057
484744665
305326302
496061655
656186096
574632332
83224162
649933018
960807903
281459392
318341364
274308002
750333398
561147180
639744497
130989459
487536258
907665731
593589783
648381796
834270142
957933760
939296760
929749435
810660592
120423377
226355664
846298497
864837420
889957136
555395880
31225739
91008886
83033555
501778966
293645918
151561645
454668073
924976010
102571723
281820162
647700700
500752014
473231278
570698817
483141954
697669452
395486930
81056167
783142072
575926645
794785841
386254000
605899253
583237047
335030214
915299265
764689111
24712042
689393795
636261300
557567795
237451607
344858102
932958019
922544285
470015126
780384529
640855555
323597740
284872635
482553263
690806259
22953229
307646670
363525172
335537404
604232538
78341718
721159152
711968144
290093414
736223109
483905095
966935592
259136693
389359801
884497408
598395633
180053654
593299812
50639741
515068573
410475038
385511838
423539492
994034221
239246215
632296242
815524062
265109297
439341052
952339750
302629210
994729468
677589740
587745955
924192112
689402750
162559220
487657012
345968180
212250561
336644888
200421393
24551412
957198398
303469043
723631004
838351449
361237566
307607268
81670658
548452657
90636761
776486958
593586569
369639809
798549125
434815787
232496681
369670798
273636497
301792358
21606212
645925320
95436274
333599303
745147903
240018652
401634881
5412977
368366563
19168542
523660763
116587961
304796635
871312240
953502502
408854216
71172582
204815465
631955765
745735246
79510439
303405534
64333765
162661392
792238829
578066357
872211588
782018349
535574293
20849993
794555326
946508639
376796129
755704150
808223587
27044070
223240127
501026413
434224429
651922043
996993684
50352947
11974576
274917964
250054853
791868101
969853469
115704002
259139043
389220136
497091991
827273661
376617941
469334695
114490058
131751131
865083181
704808188
469313429
168723962
167133682
366128103
462919835
809360524
426794206
562742859
536343835
519110794
28005055
159303266
702121596
877884288
251395727
61491079
490112091
242457476
214150311
207730438
894249300
997198669
917907146
420406870
712831079
670737572
804238375
362993276
549548856
552043684
921854061
166455606
327878828
4924224
49637994
941588592
437133460
582735595
602435824
719577472
431651580
392127337
775063053
972537848
223852795
571003061
117986510
687684337
323575193
533282650
335658046
821089539
697030638
499352880
876688804
196863647
665967462
320394960
934827047
172685124
669065334
651034269
811217281
471619197
420341847
94919590
88074227
389367616
307367035
231645464
113671250
327327358
691771575
554542980
31258201
895621983
811373986
704480485
964777339
635956852
508386045
887721234
221412879
194155804
3155836
982306654
484042927
309481626
588505868
299240880
482642752
369036602
270664592
743382061
699431164
969981271
146442326
128552207
416830644
473899683
940858379
272403002
91574572
876392036
758189727
633434172
274168988
322656501
289548416
420123088
880853248
25671521
72130593
222234592
810578670
807623440
548063082
744808666
517455995
38091000
301548558
78674573
963224615
294187936
162518206
506951617
268811664
548985832
50206270
822731678
231040151
635686637
401255941
887917697
318335209
913827765
429993653
311523554
699880451
649168034
879042969
84390598
142030892
47470752
204923798
174360103
917162542
292033653
960531389
212381927
540026975
148472838
368363743
232235502
906481495
556105257
608593662
207778325
39272715
538771824
201019275
82604624
584846121
542828124
221476047
429477688
750820670
944688894
324348724
620874104
209974413
334204762
438379125
39707159
768635583
368465494
429552067
127890810
461603331
979089403
817275358
142467443
861262035
208205380
681641502
786434407
836995685
733986173
948567174
570114733
655985358
288000029
469396961
499908031
912810099
400568602
838044958
819513134
69937643
726282346
625099284
301309936
983811854
863965538
387815075
439537004
888175676
984339752
529480043
577917888
587796745
612429637
715602694
372310478
351311776
590829881
555645879
177182007
594794839
613793564
709134192
131476016
163728200
772686710
707269525
5777184
86215057
41588175
56779990
282345830
611810394
175666549
266859417
731594000
439705567
685992957
4198778
446956952
256619125
107776198
822054974
827593288
431807462
4345686
642689491
425664703
933684453
45310930
228579280
454033460
367609169
298159801
992054718
31028707
351970110
544611607
830184482
250324544
936497395
638803250
4793413
37153203
240583531
61154903
713489259
846384761
752779026
477727995
534840326
716325810
713824550
886308455
810698909
55055631
845981587
687648717
845029707
851604006
815789115
440871120
333670862
172907260
436959353
492729139
726919787
464284150
845036507
642034517
353549722
958533574
137606135
286613748
779818117
976619401
702430581
94060735
526545839
364318782
40156500
760698910
609715730
13952577
981986959
774027573
742326806
526637478
506342440
666906699
671085194
301515518
967992339
790061100
417598388
706182441
430642890
917777789
720685540
495439705
690400349
910076345
679061225
284256364
418602148
486001955
156431469
781217262
515908703
123961543
441817010
82244048
606511642
307644610
937343024
608580947
940731433
805744475
162062278
543506394
675531400
112609800
865533027
633315973
103712785
635188448
129958545
715141107
977501514
935106939
570336882
849162360
379939410
956688090
210891336
707831210
804205609
808159099
240782114
298228077
814466316
818837759
583501050
717413442
943995626
364832880
766197637
467128809
647998228
829577477
830736051
868310184
112325749
765295293
378233461
408318397
807860675
872960259
45601125
596447038
688467497
135894217
558708139
152728158
416084922
675519589
762850844
420519160
974441146
655339613
254492843
894961778
124080090
400345710
920546745
43979274
3713532
57140155
603036388
7688577
468793686
595622490
832279587
674541843
553077432
114251913
319382274
331690878
275798461
301295966
828229994
60794858
82346351
817535355
429267714
49571848
759626683
324933552
26112920
901726750
248815646
591194415
301478591
430538407
310233482
438816299
824643263
362550853
378121510
349855427
776571819
522705395
948144270
367677022
86946990
548491645
213260314
994350177
291817991
103096597
186951048
499061001
356205845
705105541
655320645
889648342
922325846
586500718
814126040
546103618
601407066
615801138
118824242
519324752
60899664
995488517
118835312
334606331
20770943
617717052
174599048
384855884
109235447
278969393
993942014
963811991
581394523
627982093
578527397
44734496
229255074
624566931
959034415
929679924
870470531
832815848
391370486
321888711
102367404
275781550
981772069
235411551
588173408
819367165
484182588
545489918
374963107
474241379
991925553
207540988
210543964
933151862
477039016
467998113
161883264
289906653
887219208
406665480
423117064
920805127
527659222
606213823
26115311
355327850
768701830
88285921
380060605
136682328
411192726
633603524
393186741
6802982
87247157
20428976
190775758
512671367
757835354
514044738
166079041
462808647
664304756
682543893
469752008
35196051
27907133
663730294
611575716
167362830
160846818
333997740
507630132
845475130
707732164
957823216
195918984
716934429
910007274
849040208
496878758
324655777
662492859
431458742
325936591
573379114
577182013
176463076
500867839
620387714
131022123
410292733
203139453
754220051
634699166
791138338
895774756
650699744
986672637
223987080
861966388
426652811
434943291
467320509
270146115
571760393
659182610
446201966
391025810
211024420
223614021
947848739
150352557
434757004
461597131
769392289
89520439
500358036
211024038
141912147
900411383
292520603
945210783
613603464
541757195
346811743
834969897
938070245
163905210
909303419
329469065
211277684
577795359
74478710
745749988
100793590
107588136
635839045
813110870
150372857
270207973
978429718
534777002
996733956
904665881
678934704
160199561
355804086
484140841
563881053
306200750
119335355
18268129
836383976
927846158
706936336
724352779
863717226
876992973
447655151
28417421
718937132
896528485
469181234
66750238
395503747
405438520
297293841
298619855
97219892
548100250
823040479
920473594
968945954
760273072
5078593
37046073
98750942
89478631
520657709
534601825
866570289
126025041
402117324
501228486
997174308
128455354
164793072
921677143
907393062
248524892
347178956
635032129
48193733
268388835
27292323
939672078
593868682
745596075
962008149
366373428
640818366
398536789
165956635
137032218
959362352
440211503
2452335
450018966
65243043
274656970
473720924
947688172
323032237
279403324
749797350
748024524
697824129
689644423
854554739
293979995
252535759
508758764
443839791
72236850
115021979
165667297
846961118
866840758
207042071
529330676
487825986
348622091
2280407
1048119
896984232
969163011
345864489
864066408
372597175
806216856
574198889
189431845
28599469
583886607
333199669
647182688
272546802
351790887
389683621
162538625
799166582
429390138
9343890
127372574
160963076
192519440
142669930
890654749
444340018
241928814
143401113
964374973
467017957
910333258
773413915
969878513
93489423
158796641
483422287
617820845
27004988
248015790
707947938
676608612
976830405
269159940
954648915
165867286
474583765
298924819
528898994
438076969
150322659
400930085
746669825
25492648
279043347
813865854
773380267
982099507
729576465
370225024
353493559
990666626
431299492
413423382
902686087
216123134
338688662
950716998
585941642
900852719
197974830
958169449
463736565
994720344
879045358
775274587
884039172
755474728
664364108
960971906
950340098
502565161
89304553
760805858
699800018
610374668
569372941
858752807
457432627
479740708
937748627
778055460
526161572
538745615
421414843
821241654
353886532
925677564
494102766
696676108
891503010
853751121
234296990
802847333
134820866
775664691
613731043
757745302
965557936
403948609
906270746
873018448
223873647
657187627
63592557
570995895
939808083
722801619
516037201
663499418
68861297
688888665
766867124
358693325
143056771
666977739
558834068
990011654
339961869
112082949
335566160
346473536
890179893
87406909
716183408
981332665
824474407
667518441
730781910
125957905
591530916
83601863
507427239
956666629
369325059
10012172
475163550
168437467
621217355
732348304
552829808
522408959
317322270
26388861
681532008
400882513
839397081
35025970
398360610
685002432
901722825
661505082
876166196
783801171
673619546
844291318
657906567
769273548
438151387
838065363
405742170
813124597
461514653
230575524
49700329
823790352
551643678
941799422
881608017
465315322
888497984
445565758
533338453
945796828
552969503
507025583
472817102
51526337
201751743
638239994
245264262
53512776
155479767
803100574
597069584
190693258
277423824
865665917
212587331
643236746
11389862
354278483
577664602
429345727
588467715
522360146
973443602
736146487
612923577
532347295
972540426
929494692
810284447
529611917
449142999
298596927
265183702
27976265
190598095
854987792
42497419
703585035
655007984
701591836
410537747
25342278
679983007
832911375
76655718
918179243
114603114
746731595
119427225
607595027
152190563
598338794
986430677
901043375
715915462
960959624
252613152
578945620
114554966
980339392
146336688
604323814
778753934
181197628
158622994
40581460
904534951
765156509
795518619
38673642
352540869
301947570
847635619
835125620
31017017
876792509
383958346
238114569
294578596
324206354
407919520
850323177
957836224
852452563
204958889
883034112
77939229
33031718
93819318
445836913
157409152
229337231
269061957
870622958
381577916
821512746
117661120
268021397
346621533
409958027
664774488
702536655
101144285
877621261
698673892
261220821
687639139
187680120
938261789
344735738
617906663
243718506
274089634
238913940
287742035
647682801
29108541
136036115
690195476
517698707
56695592
77851188
826800418
730648517
414963535
467372355
289165307
94408217
966046623
304638033
198804453
748318572
402664851
833697274
366702648
848467410
953905049
863295558
442146799
361056060
373854945
200920340
151617907
261429617
453744174
642010983
893146452
711023385
743855791
489957609
322517639
380352553
826428288
960471810
711791969
903276378
987284042
919837282
49373818
890846051
581490027
677940111
44165694
558917017
976463557
575982147
239919834
178989129
725762366
447117941
753589098
345735966
696318486
405072287
573200207
104213227
834712608
542167884
614609220
294834051
363629016
693691090
680671119
925511240
397764335
70566146
746480342
883655868
205852910
712645695
245050250
30624702
573123742
635289008
946865731
424204754
633685595
609462732
554756827
852627726
568979201
594426580
10547590
99411640
301439858
832381568
191667919
704005764
143754330
216911320
517491447
59478327
936426582
506520599
977517567
883241188
24056121
269462507
990826155
8324893
682639495
112839700
526752372
181383870
390610530
431398218
187397411
935873053
104700113
432917821
377186631
669228871
352193624
205725409
619582273
918527321
77337132
433096492
229766461
514269921
678650395
522636744
372896753
100828275
89113072
590089781
484938943
379597174
430715974
398082866
7645780
541383368
705894277
100023596
439365899
650242943
394768612
820734333
972004929
512711875
936727262
602285014
844908870
880087976
725497738
158546101
659723885
356498226
892829624
647181586
547790831
35634139
246145093
687903151
159594753
369917451
895480851
301462342
347460379
397940504
800530081
919713026
448173740
482072038
46491232
630814434
205466092
762323022
968693375
178723396
827997177
223867292
45937949
73080914
162759127
359423874
237699279
895734551
549751407
165109193
966957960
437376959
105905933
475008062
55881464
803812759
858864022
512832280
808192704
803614727
874847408
93083104
216957341
280350340
457569325
968698990
580755262
114172536
466278064
982901143
116415142
112691782
174976606
472821282
118184214
528074741
701134324
99027616
666807286
167812977
963436341
662950168
462520452
728165273
902786952
455612489
51190988
303848265
505053771
488782071
71038639
28891608
432193618
555098726
895072403
219483335
93932242
559718966
838627880
414678841
157141173
478858425
447377909
502832921
629232568
384056293
661992141
302928323
936496065
196644349
738487052
398835997
511771829
174243988
750207113
823609998
80929809
46808060
205798175
359671683
609795022
24264555
996494448
747268726
841342896
977360192
275489501
544166463
944050830
51608965
645854499
346836622
69499989
903061838
245686842
252622118
32604168
676527670
464232456
814108446
262606625
152615572
574847565
822327326
272016876
414116281
592462644
344991957
768833333
426571693
16904782
753015004
635912233
333670122
333295125
813707680
293075590
674530705
762821033
549050449
759891882
520585233
120255863
981655930
699023821
496022068
811701606
449351127
138377975
874707618
646715200
271693375
655122963
58851589
309221478
708336748
383923216
771123495
544515179
601227355
422550287
891333889
290799639
220369684
555537463
665359853
550361700
66723351
52622782
215098479
551310504
722424749
819061831
376219032
71220708
273942264
719169216
794438918
737986971
289904012
564950762
285235472
687094217
241597386
663119484
108588205
838088744
324963660
636426086
484636513
270052410
916225128
806745630
970606147
804868363
177264264
971128199
904559731
462877874
925820341
701233575
854245900
891796512
971609456
984009844
75973487
538545233
635556876
75031914
288581991
143530401
582520520
335467633
736311966
978688948
232652837
413269674
739250356
366970024
469421192
920438038
760629513
203213763
773770337
851583326
94017460
729271983
230330111
349561487
155759488
624376025
970096006
483251651
71285383
830177886
475982146
561915020
925897977
569697852
473670808
722933987
171347571
410227881
657959136
504190233
354858200
794337934
342115150
314815203
918034991
545995930
704888066
554725159
584958220
712332007
750607405
720697074
33870242
571855654
336458943
742995720
186774721
698625634
202738694
59869030
720035998
96830323
82598286
793663470
962042318
510470471
182331717
151733653
516418766
115369166
881816790
942714823
678675247
940351696
32451596
604056587
894345712
545529399
241566612
312390432
32158223
291792808
311549666
125902891
562707167
86925094
678102234
639318083
320694818
452468581
284292193
373489626
298667936
985260230
823500306
714106591
917861861
433027103
146820966
176737897
323182163
378459206
106184933
338034763
58972212
241815378
707779340
749316214
494908341
578206229
413715623
693675373
870731660
723690838
628545246
10916764
801510442
359998756
66730496
597997845
730911740
671407920
414596321
31259539
398761737
554033352
530409693
342021277
765016128
324487607
480064532
33468597
947125937
51439123
582496176
792628251
370809107
30934093
978973801
795297814
136082782
550217490
533241105
567649892
561657623
746237725
375389892
947522854
834737911
707333277
2972611
242051340
45029061
964995425
679197026
769796103
59180566
762019077
550061911
987976506
694890793
907911154
528084509
569118725
709705484
104027378
827258836
120384549
275008919
488368835
723276260
722465781
539375209
805507511
104023820
739207311
124996240
192662582
190657056
388724121
405188128
671246079
678228377
591408963
761238240
621731470
541373714
873593464
29864570
348196833
522113933
758608409
958668966
450992035
364783796
645902192
402730069
864946771
732818953
820864497
724514126
863268475
400022327
643057979
165013825
831421881
425219063
44548548
259341113
522288015
937136358
139118158
640499367
823072954
185594358
368412210
557685093
224834686
694919938
178432027
219133714
32323482
405784734
449230213
182958056
84248477
487732379
210694740
307446661
562605887
298665631
556101363
693812478
978050151
435969154
875546716
646020255
774857055
471654859
704198488
280038448
689117272
396629573
374502235
859910280
639092352
163214288
635401415
659786906
226760371
503795089
321545740
619647830
759907427
727025287
424913793
968465676
772865834
855782297
712147411
538610596
920676971
694613362
45989873
236306513
542041723
473662059
866644186
510769339
232833086
302787204
969416446
829079887
393249188
880913725
489771790
133237969
166130980
276987835
783930164
305785480
45762792
20298779
952984888
766048983
351686376
442516067
903605074
253844611
320442607
541420570
30630728
619737186
107563281
840304074
77074624
434384143
609485883
396480598
366669161
311458831
651658063
962226909
688149172
512762281
524487545
79938925
586762141
536795326
542907304
186783496
868344024
568462854
988023455
256400679
717167355
637312808
785090176
231280656
989275291
372275084
623992812
389008034
373798055
228879034
147566053
412320137
27762698
552044325
485650051
699522658
264827370
313268807
73802909
291567011
40492856
54940214
170546625
673876216
43128031
171185946
751146437
44761719
971221488
19406944
513190877
807946364
402735885
409458739
212274178
748164598
436607491
975810363
286286651
848084578
343008408
189680497
302377793
967829218
466644882
946707970
424161098
154630495
834866602
153572467
582638841
558660697
582530244
152593689
422027383
425715251
450487912
958550732
643674609
969781342
472811762
855916899
501198658
648857290
301385964
169468663
979267003
802601146
195386890
566615222
391201310
868595408
77267095
10728422
224815112
534259428
800019391
992260323
254634597
843515167
869686991
415971858
126162232
367014500
895956420
861476317
246610104
751578422
804681936
690505675
514084185
469989844
326089097
858468996
226756053
38454935
36604121
121094197
44933550
58479269
862760655
109657216
34283691
651692257
419973014
655605264
186690274
622626762
259783441
474671632
490136251
213328380
68223247
642898451
652575288
167877797
77238585
867769137
530559183
710635117
489856008
305341065
444978201
470577209
613274200
448834529
405517163
293775594
727889228
743805873
517939719
545981221
277678549
501390031
284105954
4775133
835421159
73900387
655069418
86850370
886048787
830463229
277177289
284220278
407261459
537750172
660671955
203816587
165972162
676757935
423781251
85404434
587959869
29013780
916591297
828615710
46123769
663534588
769993222
19280727
866578570
398420204
45253199
728765731
730500926
385636823
59093152
328752974
973666970
897355009
143653099
726633838
111483544
634789920
577103481
87328987
299526887
577882266
409342136
129005017
197663100
824084323
214593751
146601812
717184683
852075260
866290947
920069651
317476078
679291241
748155129
60163549
327255948
540890275
522099435
285039432
793429262
933381861
457664653
540840784
409021269
26315318
399728603
665158913
920436008
185075411
88114323
112408072
491257089
858729307
321174268
862792309
423849606
296200970
45230262
985412796
599826068
189829488
279323696
814048251
97026492
846756737
43380067
694271142
442901273
436545340
789024912
202084677
675043422
692476429
371793544
201003594
949699414
320030146
487176791
9767663
736081612
824766679
735148890
546355953
475508215
864109470
388201398
137226710
34405157
38154276
163291558
245561572
206391942
537263229
469559180
630030018
90774574
43825515
639438247
369266928
862325185
510167109
227461148
782739225
165492143
615370255
155442445
522167921
575936720
655064884
436411617
576555483
207777022
238871420
178334390
8048689
14514818
134430079
438603948
844472768
606226462
383726388
535212865
25661378
416634760
793164226
822987618
712391290
215320220
743445468
42280605
178743863
21959963
878903780
198106179
205068310
105672440
783387819
520398319
750565730
497424533
427757322
432530387
379672410
21119414
474970878
646158696
887236063
273908492
602313088
562409320
432617040
725985345
295200963
150515281
628886875
674934322
640799419
898272290
42107593
408120580
388469442
495308577
113745216
52381028
55356733
246793560
818454385
231039028
723871401
962903448
102925688
430316403
707547612
603089771
840682548
281891773
403073679
519882142
992699349
767243068
99534629
438122484
260147815
637377096
761300147
85714827
104776864
816168531
302407965
228775006
706289692
81446245
609235834
725491525
732472225
198091355
253945527
30410052
939369208
878517414
471256507
123514213
774034252
357764443
611533148
325972108
358771232
558073809
269648346
98694309
606685655
862224027
937149273
537254355
20855022
824199929
844309794
613188073
245944420
19049061
193374460
662800706
666722875
555414324
923388494
511940520
179346800
304958519
768715050
496649014
771993711
3055120
876772733
302060708
45807115
760348794
122323179
708066788
805616877
53575249
904521595
181910732
201659217
79220334
340304220
506896671
571476580
828682255
758374284
372562851
836479855
347170567
695979293
390977412
921008351
34489070
557088650
392851769
692423769
708550919
591322789
121099649
220930873
219425241
518553679
200927182
337960499
199728162
838471130
518659086
918122561
692968417
221269689
501721151
134384252
960589502
438590112
930925181
688243495
987041915
301630899
372882245
293480380
869191632
953218415
827845455
110559412
790995250
337250941
220191165
615062746
399704344
3114033
946058990
810934773
675853331
140575286
792175838
944750494
440055425
154138723
634488793
776955928
706052254
912127652
910197103
953712977
359742653
860356773
966728619
145923246
23660379
102471166
192567368
5072727
325209588
268006983
94943419
195738706
884784702
154351756
171009200
647748944
954640679
156646313
656517994
287101500
147973969
866264077
499554554
374496331
551085499
333935895
526183800
597067914
67912425
366961095
690688306
829715627
756061420
620328381
167263055
979043522
271524242
643664164
241052038
361050805
404466590
515243143
86895434
859320751
627683511
952079217
151181988
937886391
397986907
257923525
71262958
73273103
996136217
356300807
673890438
568142534
896020196
243928903
670277648
972536001
207861224
918558829
605204786
831769266
575301544
183261875
813240142
949145297
440326959
735281246
596303788
253746037
423256136
192108347
128526138
601775155
893690083
164357877
22056333
549520640
528979052
239443563
782831386
218169925
488616544
116097054
502994878
988545666
135323725
173108832
198064506
354827395
750780971
129738505
956577012
830454643
847203328
837677838
69576333
547030537
432307000
816295569
385239791
678589745
828956674
61201829
98592541
694928185
572857972
489288255
664601220
621858688
682474
347296912
47655586
166346491
537622093
283703189
213331911
876550347
19379729
620386308
