100 928549273
79577985
771228826
167211133
648463208
50757915
871741470
723477693
363601696
138402828
905524791
226962127
85987732
335194938
810330511
8753090
283667244
977653
439264301
30617422
710252325
900315912
337990645
798748296
940154621
474367769
51127553
587362199
347339234
185398390
885530434
420893132
647835852
374014615
901466624
224208342
407491080
208019269
2387325
335519063
53769578
31118931
991030124
893572784
942020583
918346112
571730781
781253068
310626036
174914549
969952670
160933100
293422260
407944017
310434091
233578885
500669368
632318332
67141669
322970588
203092810
54439178
719444908
715255362
870413418
585456161
66849527
194835345
157611662
84434899
847569515
186303744
116865788
941530583
503126220
519490276
18837873
29641120
412940695
466112774
531359366
948955047
315030927
548433116
592932535
652799891
870699116
571110056
972437333
210286846
683112787
98746489
882941708
629220822
268998180
562103795
109389515
804867789
788467621
725497891
838655224
