300 300
1 28
2 244
3 246
4 218
5 73
6 220
7 16
8 107
9 165
10 86
11 63
12 41
13 49
14 170
15 194
16 104
17 95
18 53
19 108
20 169
21 270
22 176
23 150
24 115
25 255
26 181
27 121
28 168
29 99
30 18
31 158
32 293
33 197
34 159
35 43
36 91
37 232
38 243
39 291
40 202
41 154
42 276
43 36
44 134
45 4
46 199
47 45
48 142
49 5
50 44
51 210
52 249
53 238
54 236
55 237
56 32
57 280
58 9
59 22
60 148
61 52
62 84
63 133
64 15
65 290
66 235
67 240
68 56
69 82
70 287
71 162
72 226
73 222
74 190
75 201
76 171
77 204
78 153
79 298
80 8
81 76
82 144
83 47
84 103
85 96
86 75
87 114
88 263
89 155
90 2
91 71
92 200
93 34
94 111
95 256
96 62
97 131
98 102
99 209
100 140
101 54
102 92
103 211
104 35
105 123
106 184
107 50
108 177
109 48
110 118
111 217
112 173
113 83
114 203
115 11
116 145
117 122
118 248
119 21
120 215
121 27
122 116
123 271
124 251
125 30
126 187
127 216
128 70
129 160
130 268
131 223
132 66
133 265
134 166
135 242
136 38
137 143
138 136
139 31
140 128
141 189
142 19
143 117
144 254
145 179
146 196
147 284
148 129
149 207
150 58
151 106
152 141
153 261
154 227
155 212
156 90
157 1
158 228
159 69
160 172
161 147
162 23
163 269
164 193
165 64
166 135
167 109
168 275
169 250
170 279
171 119
172 100
173 225
174 126
175 13
176 205
177 164
178 110
179 233
180 7
181 219
182 98
183 247
184 105
185 17
186 229
187 152
188 57
189 10
190 68
191 286
192 186
193 149
194 157
195 78
196 300
197 72
198 151
199 113
200 20
201 188
202 14
203 259
204 74
205 39
206 231
207 234
208 51
209 80
210 60
211 221
212 125
213 195
214 295
215 101
216 112
217 191
218 6
219 252
220 163
221 139
222 239
223 25
224 130
225 89
226 138
227 283
228 132
229 294
230 175
231 208
232 214
233 85
234 137
235 46
236 65
237 292
238 77
239 289
240 37
241 264
242 257
243 26
244 285
245 67
246 127
247 24
248 156
249 277
250 262
251 88
252 183
253 274
254 120
255 224
256 192
257 288
258 213
259 230
260 206
261 273
262 253
263 97
264 185
265 29
266 79
267 93
268 146
269 182
270 272
271 245
272 12
273 180
274 266
275 40
276 81
277 258
278 59
279 161
280 167
281 94
282 297
283 198
284 124
285 241
286 296
287 87
288 33
289 281
290 178
291 299
292 267
293 278
294 282
295 260
296 55
297 174
298 61
299 3
300 42
