100 100
35 49 13 74 70 36 39 48 44 71 28 54 74 50 29 66 23 47 36 39 84 95 30 18 59 73 19 98 99 71 23 98 71 51 57 7 5 87 94 93 64 46 29 96 79 94 18 31 51 77 36 12 43 88 42 2 27 29 26 5 29 3 81 16 32 82 19 23 83 53 78 29 73 68 61 69 36 8 2 97 68 47 24 66 4 29 60 86 12 39 63 82 62 76 69 32 92 4 81 59 
2 32
1 62
1 42
3 101
3 59
3 20
1 50
3 13
1 37
2 37
2 37
2 37
3 28
2 37
3 23
3 16
3 9
2 37
1 48
3 9
1 55
1 62
3 60
1 87
1 82
1 100
3 86
1 79
3 66
1 84
1 34
3 88
2 55
2 100
3 10
1 34
3 82
2 34
3 24
2 34
3 14
2 34
2 34
3 58
1 78
3 41
3 5
3 10
3 90
1 82
1 69
3 16
3 26
1 93
3 77
2 34
3 23
2 34
3 3
1 27
2 34
1 91
2 91
1 45
2 45
2 45
1 51
1 31
1 83
1 32
2 45
3 73
2 45
2 45
2 45
2 45
1 14
1 100
1 80
3 64
3 3
1 75
3 31
3 57
3 35
2 14
1 65
2 65
3 26
1 4
3 93
2 100
2 80
2 75
1 29
2 75
1 36
1 42
2 75
2 75
