100 100
5 62 31 21 32 43 5 7 48 8 48 14 31 42 7 23 38 44 64 8 48 63 6 26 36 11 65 54 52 44 48 0 21 64 35 18 45 53 30 40 12 31 4 14 48 27 27 47 25 55 33 29 35 28 62 42 56 61 26 18 43 33 0 15 44 63 6 17 63 27 42 19 12 42 41 61 24 16 51 27 10 17 29 58 52 33 0 47 40 32 35 5 1 21 25 62 5 60 62 41 
2 63
2 68
1 88
1 39
1 47
2 74
2 93
2 80
2 60
1 2
1 58
2 32
1 82
2 3
2 41
2 58
2 37
1 1
2 88
2 29
2 2
2 11
2 99
2 10
1 62
2 33
2 7
2 96
1 37
1 60
2 11
2 6
2 44
1 23
1 7
2 45
1 22
2 98
2 98
2 90
2 88
1 24
2 35
1 71
2 14
1 50
2 40
1 98
2 9
1 16
2 91
1 9
1 82
1 26
1 76
1 69
2 63
2 51
2 37
2 29
2 8
2 3
1 24
2 11
2 38
2 82
1 91
2 82
2 66
2 17
2 83
2 33
2 33
2 78
1 17
2 1
1 77
2 63
2 53
1 58
1 23
1 27
2 86
2 36
2 46
2 72
2 68
1 70
2 96
2 27
2 45
2 97
2 75
2 82
2 73
2 9
2 20
2 83
2 63
2 15
