100 100
53 69
25 33
2 73
5 51
39 82
23 45
7 53
29 100
13 76
37 49
28 42
4 5
11 99
47 95
45 64
62 98
8 47
23 94
31 75
51 78
38 84
62 85
2 63
2 96
5 92
13 51
6 73
15 92
27 89
7 97
3 100
28 52
2 99
10 74
33 80
10 81
11 33
23 86
25 56
4 8
31 73
30 59
46 93
1 95
1 100
60 85
62 66
48 66
42 94
45 75
29 40
1 15
4 69
13 97
35 47
25 82
17 23
1 85
28 90
3 67
34 76
12 37
23 96
12 44
33 79
18 34
26 84
5 79
68 77
12 30
4 23
9 41
46 52
1 100
71 83
6 82
20 26
8 66
41 99
59 94
21 92
1 91
78 95
4 27
4 95
22 66
53 68
53 65
29 97
15 76
33 77
6 75
8 51
15 88
1 100
12 14
43 99
13 73
6 38
16 68
100
5 99
13 67
43 47
14 39
37 81
2 58
1 100
7 74
34 94
4 98
1 100
6 97
15 68
52 85
7 88
37 62
2 97
65 75
5 98
2 100
37 82
17 34
34 92
60 99
7 79
86 94
13 66
4 100
65 92
3 90
2 76
1 4
3 76
11 97
44 57
13 18
1 70
8 16
20 95
60 75
18 75
5 75
49 94
15 91
16 89
8 97
12 14
5 70
14 74
11 93
81 85
7 97
24 79
1 43
8 79
23 85
66 66
35 88
4 90
29 45
25 81
27 89
55 70
3 95
14 95
47 88
20 88
16 98
37 38
6 99
11 82
4 94
47 76
21 56
30 30
8 77
12 72
5 91
53 62
60 87
26 36
34 40
12 78
1 49
17 89
91 91
1 89
43 53
22 100
11 61
8 74
24 67
1 88
32 38
46 46
1 94
21 84
56 92
31 61
9 73
