3000 3000
46 2804
1204 1995
704 2463
397 1942
510 2972
1724 2038
624 1611
369 1773
488 2374
808 1862
1136 1173
528 1417
1333 1725
408 1746
721 1853
261 2782
52 2353
105 1394
2551 2875
205 2555
1850 2682
2179 2654
62 2703
444 1789
896 2783
2372 2635
139 2371
442 1190
242 540
1576 2360
67 1854
1138 1426
179 2109
1295 2729
2087 2311
532 2957
291 1546
914 2739
121 1140
735 2962
1433 1708
771 818
961 1589
160 2367
1305 2851
920 1662
2 2954
985 2287
2577 2727
293 1687
869 1611
940 2718
1855 2938
2076 2740
31 2911
7 3000
22 2412
221 1198
1731 1742
632 2023
1156 1223
246 2902
878 2671
1232 2896
342 2107
32 2959
1574 1959
260 2526
1225 2185
1552 2952
1137 2151
1041 1213
1382 2709
420 2117
34 2995
2242 2994
256 2627
1833 2729
1823 2996
2070 2812
1273 1598
825 2701
298 2329
1493 1677
2060 2392
16 2912
905 1996
1786 2315
277 2860
503 1205
507 2780
865 1297
260 2659
1119 2353
2316 2666
119 2998
2269 2718
285 1984
2150 2983
866 2884
885 2884
767 2992
499 2222
331 2746
478 1165
984 1657
198 1593
2495 2944
70 2893
2354 2961
840 1904
790 2898
1941 2531
13 1936
211 2551
2125 2844
680 1969
699 2932
109 2813
1266 1643
1108 1168
618 1043
1534 2712
1255 1414
1447 2167
541 1732
385 1168
140 1029
84 2555
1770 1799
107 3000
45 1817
489 2240
48 2793
163 2815
4 2993
149 2307
490 1569
1127 2561
89 2897
694 1733
146 1994
1166 2610
46 2910
851 2500
1279 1432
226 2284
102 2989
460 2936
391 1073
595 922
253 895
609 1859
92 1045
873 2852
1595 2392
32 2938
630 2583
588 1946
645 2187
234 2187
1021 2547
986 1573
1264 1374
946 1516
374 2274
609 1261
396 1016
1063 1904
1541 2400
1083 2487
34 2866
1068 1452
48 2676
1755 2201
1004 1583
274 1233
199 2048
1518 2781
185 2457
46 2700
1074 2662
1651 2669
1455 1765
26 2283
651 2538
72 1579
1098 2834
875 2358
34 2982
1201 2109
893 1722
539 2438
880 2261
87 2920
1052 1233
810 1877
600 2595
970 2277
92 2439
189 2839
2027 2772
439 2942
187 2994
99 2267
78 2100
1351 1900
272 2358
263 1575
481 2769
199 2061
293 2441
93 2749
1082 2266
102 606
1254 2460
1067 2825
609 1768
343 1933
996 2764
28 2761
2668 2878
333 2266
16 2981
2222 2520
2305 2919
14 2865
1133 2553
32 2220
569 2644
428 2576
28 2935
239 1442
855 2314
1128 1417
276 2064
1047 2494
656 1995
969 2771
1144 1766
734 2458
2821 2893
1379 2941
175 1580
606 2268
310 2166
757 2379
162 2454
447 2940
211 2764
2354 2746
79 2886
160 1864
1470 2958
2093 2615
1973 2889
556 1281
2598 2877
1358 2514
151 2172
265 1932
2137 2976
473 1656
1293 1329
237 2959
334 1993
616 2613
999 2405
463 2979
2132 2709
705 1760
356 2277
560 2189
36 2827
591 1704
38 1349
784 2879
533 1282
1172 2139
670 1289
1574 2269
80 2980
5 2659
2092 2814
160 2916
1952 2507
855 2667
239 1332
984 2009
1288 1858
467 2800
1581 1793
685 2841
345 1841
256 2952
926 1560
23 1366
385 2504
151 2800
92 2164
165 2030
46 2974
961 1289
1570 2851
285 2928
207 1594
747 2682
1556 2855
1237 2307
1224 2169
431 1210
666 1359
1383 2888
138 2851
77 240
141 2875
164 2939
823 2989
2775 2979
869 2791
1254 2072
49 2356
420 2917
2180 2748
7 2969
889 2969
300 2373
917 2321
193 2168
2162 2809
1406 2571
279 2215
725 2733
110 2854
39 2738
1060 1178
598 2180
415 2025
524 816
1919 2756
1928 2389
544 2924
1762 2952
2296 2341
36 2486
352 2943
48 857
856 2372
1396 2366
122 2116
745 2750
159 1805
1211 1430
685 2036
466 2343
194 1416
26 2609
536 2387
1739 2712
24 2993
779 2204
152 2990
605 2497
606 1836
209 2703
779 851
345 2772
59 2878
771 774
2289 2751
1008 1176
1654 2792
2245 2365
117 1047
310 2354
1459 2700
23 447
259 2937
1076 1731
3 1421
137 2921
277 2253
356 2697
682 2492
414 1014
801 2481
1444 1842
1374 1424
1859 2887
170 2971
477 2712
17 2961
1389 2296
299 1805
143 2868
172 2760
76 2988
493 1025
978 2454
571 2974
21 2605
1532 1866
53 2953
139 2204
290 2636
280 2467
9 799
400 1067
2024 2789
58 2732
1818 2648
149 1194
1617 2604
10 2906
59 2936
141 1342
1259 1647
187 2979
65 3000
1690 1746
206 2491
1697 1881
1797 2485
128 2131
552 721
466 2503
554 2013
995 2591
1033 2629
1881 2620
932 1885
362 1518
1001 1417
2361 2623
993 2653
142 2167
382 403
1034 2917
885 2855
1786 2404
706 2712
157 2928
641 921
582 2829
715 2319
1106 2442
77 1356
880 1440
2133 2619
522 2795
106 1167
115 2238
1216 2960
564 2775
840 2406
1590 1660
443 2429
713 1676
1412 1778
2280 2685
328 2442
117 1876
23 2994
1 3000
2101 2291
1247 2315
2142 2670
740 1091
1760 1830
787 2967
1380 2310
144 2526
398 1191
1003 1416
106 2950
2288 2497
1293 2969
13 2995
98 2978
493 845
2316 2685
559 2942
91 2988
581 2581
943 2975
1165 1574
1154 1953
2 2678
2092 2469
378 759
31 1296
463 2454
300 2559
365 2616
270 1577
180 1384
1039 2272
148 1866
1035 2710
19 2828
725 1644
2731 2894
2070 2320
272 2794
1885 2059
870 1798
457 1568
698 1634
434 2008
193 2903
807 2140
985 1212
1608 2617
228 2459
142 1812
443 2692
162 1858
611 1976
13 2931
335 686
304 2782
82 2978
1890 2337
1833 1852
531 2482
144 2203
1667 2592
88 2011
126 2857
814 843
930 2008
1396 2363
2841 2979
706 2996
343 2306
10 2576
596 2658
1157 2709
2269 2844
1318 2649
399 2920
1883 2449
156 888
483 843
1446 2056
99 2444
480 2982
232 2238
1218 1347
299 2292
232 1194
886 2206
177 514
1193 2330
2195 2715
3 2874
340 2672
189 2654
14 2965
1010 2131
1302 1385
2161 2957
1356 2678
612 2592
228 1355
2 2983
487 2485
480 2724
1234 1386
123 2901
207 2139
1385 2069
405 2730
185 1501
456 1689
7 2994
57 2663
309 2252
152 2799
124 1295
396 626
477 1614
412 2927
723 2437
356 2973
394 1857
71 2776
2047 2568
533 1757
187 2801
198 2524
1020 1203
514 2338
268 1848
360 2418
208 403
290 2771
255 2696
124 1726
507 1790
571 1008
166 2075
1588 1991
134 2699
37 579
1204 1773
431 2181
1772 2119
2 2986
645 1015
623 2712
260 2344
241 2657
184 2998
588 2275
71 1941
178 1994
503 2773
544 2155
697 2992
102 2930
233 1808
1257 2992
452 1773
989 1010
940 2686
373 1119
311 1138
379 2729
331 870
2245 2405
78 2824
2018 2151
679 2811
345 2999
308 1505
108 1862
1680 2762
630 2617
1768 2305
118 2105
1104 2447
869 910
68 1759
102 2992
71 2783
804 2416
20 2726
482 813
283 2946
209 1611
2549 2970
55 2971
932 2984
93 2121
184 2562
2367 2906
576 1827
95 2644
403 2983
19 2548
710 746
1279 2523
286 2998
1210 2425
1744 2858
471 2949
540 2955
2068 2611
132 2054
708 2599
144 2988
1131 2848
711 2222
688 2442
148 2344
173 2150
236 2723
1331 2929
542 2313
2060 2594
64 2758
890 2859
63 2545
604 2863
161 2645
877 2904
50 2965
470 1057
723 841
1408 2216
34 2975
516 1194
409 2580
1448 2376
56 2543
1304 2690
1107 2290
534 2428
2196 2845
16 2961
1660 2899
147 2522
753 2288
2025 2338
489 2511
1399 2981
1523 2898
980 1180
851 2867
1247 2356
935 2129
1172 1530
1243 2968
346 1904
157 1446
444 2741
2 2874
1871 2093
603 2484
603 2400
230 2564
632 2528
428 2897
832 2549
928 1275
578 2869
85 2796
1014 2684
499 2716
791 2965
813 2576
366 611
837 2278
1166 2675
31 2832
665 2637
1531 2172
886 2562
1094 2604
1383 2131
857 1606
644 1144
1868 2480
1097 2417
1856 2777
23 2932
704 1973
1394 2931
2072 2343
1963 2882
1549 1554
361 2803
945 2804
350 2882
1614 1683
1133 2396
857 972
1437 1612
317 2664
110 1523
113 1276
1379 2435
1398 1793
91 2674
2698 2954
1675 2688
1122 1937
482 1173
55 2568
14 2928
637 2913
1046 2910
2002 2920
362 1868
110 2400
270 1261
736 1634
1793 2846
1495 2955
183 1533
73 2746
268 2978
400 2608
346 2440
476 2249
1545 2525
49 2971
420 2122
1029 1580
459 706
1387 2943
4 2878
178 2188
1130 2500
6 2847
724 2988
170 1907
1086 1148
1452 2655
678 2858
1371 2328
1955 2455
1748 1772
886 2884
198 2740
771 2443
1362 2422
334 2309
44 2613
391 2642
50 2963
139 2634
2232 2258
156 1352
2000 2481
22 2998
198 1079
299 2706
159 2784
742 893
141 2451
207 2772
20 2999
449 1758
568 2577
333 681
1134 2090
8 2975
19 2800
937 1609
2300 2853
1896 2767
2085 2340
819 1352
430 1977
349 2113
126 2784
515 1879
1125 2062
1170 2252
883 2107
198 2886
629 2647
2143 2481
483 2594
2496 2504
428 1875
554 2772
267 1408
1107 1809
375 2829
2076 2913
2540 2940
38 2867
1885 2548
1570 2188
91 2321
489 2916
1283 2799
1741 2397
287 1580
837 1601
1310 2921
66 1726
1000 1530
1870 2708
538 1145
98 1636
42 2887
1664 2704
2003 2224
269 735
15 2686
2205 2287
91 587
968 1312
243 2628
715 781
52 2572
84 2760
145 2496
1390 2353
1919 2647
1905 2498
537 646
284 2871
1392 2873
1076 2315
192 2934
76 2900
35 2907
387 2706
1172 2947
522 2925
2428 2952
368 2145
1216 2305
60 1161
1583 2018
1259 1613
233 2488
89 289
47 2926
1205 2027
12 2799
1117 2299
218 2797
330 2875
2170 2416
398 2951
460 2478
255 2897
1299 2411
1346 1625
1672 2241
553 1725
143 2772
88 702
917 2830
2011 2644
1072 2216
12 2051
1440 1608
474 1431
905 2383
480 2824
2571 2885
595 2622
1900 2233
106 1327
240 2435
1239 1808
141 2977
326 2924
324 2411
93 2616
1095 1695
1228 2909
398 2584
138 504
140 2958
1559 2619
894 2266
2072 2759
509 2783
956 1751
1477 1542
431 2118
84 2918
4 2881
1658 2897
159 2617
73 1020
597 2099
341 1292
197 1425
550 608
90 2992
166 590
656 2850
787 2624
47 603
22 2916
28 2276
588 866
508 1651
163 2966
2063 2177
1093 2866
1420 1520
2426 2946
953 2672
61 2741
417 2784
374 2789
15 2429
418 2130
762 2923
360 1463
183 2919
607 1604
455 2261
2139 2782
204 2793
957 2357
2297 2433
117 2580
337 2095
892 2712
14 2875
289 2850
2018 2913
522 1107
1495 2683
363 2362
680 2931
631 2384
765 1868
589 2879
120 2937
2264 2555
66 1615
824 1317
2476 2558
117 577
681 860
529 2294
1148 2826
38 1464
787 1737
133 617
157 1686
288 572
104 1342
42 2939
28 1378
1075 2027
1326 1659
1245 2218
1889 2803
42 2850
598 946
630 871
2530 2555
984 2963
8 2651
1129 2205
348 2335
269 2901
495 736
42 2981
2363 2561
175 2326
2121 2419
35 2774
203 2509
1018 2756
267 2857
189 2965
2006 2835
1543 2115
2386 2995
102 1638
115 2427
1662 2834
138 2910
190 2024
2326 2352
120 498
1052 2614
2576 2893
253 2288
2159 2992
59 2977
330 711
1785 2347
730 2567
1142 2701
604 1701
23 2161
678 934
1849 2696
219 2512
106 2416
1139 2795
519 903
1025 2705
86 2533
1851 2719
3 2998
107 2941
485 2294
388 2356
2081 2573
8 2934
590 2710
893 2684
661 2055
76 1113
184 1956
1197 2218
597 1730
163 1699
1682 2526
546 1160
134 2831
159 2509
1313 1886
1407 2989
463 1053
332 2940
52 1696
1787 2238
272 2947
522 1988
846 2815
294 1714
224 551
1818 2493
418 2688
309 2972
124 2505
872 1904
230 1694
159 162
202 2944
1889 2419
576 2516
1710 2360
64 2996
273 1472
1234 2711
1546 1733
149 2962
1380 2180
2524 2758
550 1921
313 2314
1694 2806
925 2042
1337 2561
408 2547
1455 2796
830 2060
127 2665
877 1677
588 1828
153 2562
1152 1638
613 1654
1856 2230
1388 2931
580 721
193 2984
762 1849
1692 2742
1146 1616
1283 1443
108 2289
1129 2371
912 1221
299 1565
761 1500
249 934
2077 2785
881 881
187 1851
32 2819
148 2441
272 1061
2377 2662
21 2999
254 1719
2272 2596
849 2951
560 2596
836 2886
512 1299
774 962
1293 2105
547 1822
4 2980
1770 2098
971 1060
436 2762
746 2998
2539 2923
540 2645
1362 2833
443 2499
11 13
883 2870
520 1747
721 1952
1029 2493
295 2486
48 2682
110 2883
122 2584
521 760
291 2031
304 2738
710 2498
423 1607
666 2345
748 1442
337 641
931 2062
206 2028
2327 2333
281 1262
804 1622
905 2914
64 710
303 2714
869 2858
181 2413
1383 1923
41 58
708 1936
1104 2892
164 2997
849 1656
169 2605
618 1776
531 1675
573 1769
981 2679
1046 1547
228 2167
16 1438
347 1109
453 2933
327 2978
1392 2593
567 2808
931 1815
948 2710
1124 2036
749 2526
280 1979
444 880
1433 2117
293 2812
154 1391
259 1673
238 2870
784 964
623 2164
114 2882
498 1098
1089 1574
581 1761
279 2168
78 1257
236 2271
242 315
776 2963
10 2822
781 1517
804 2801
341 2517
1179 2606
728 1286
398 2669
411 2381
1470 2975
28 2522
132 2924
2026 2555
304 2558
521 528
80 2665
972 1567
248 1505
1636 2545
1083 1822
919 1024
1834 2241
1274 1730
28 2957
685 2843
1321 2120
329 2741
2107 2845
21 2935
118 2527
329 1817
392 1124
2724 2893
1294 1903
221 760
387 2958
2501 2979
96 1191
301 2173
635 2924
265 1109
301 2650
13 1683
396 2442
544 1693
70 2980
2008 2558
10 2995
951 2785
17 2993
149 2462
737 1505
20 2931
337 1179
1137 2816
159 2521
1046 1453
1490 2605
1062 2110
495 2807
440 2679
976 2040
521 2862
161 2214
905 1745
8 2999
332 672
978 2881
2154 2884
108 1430
350 1549
104 2997
1564 2499
508 2050
590 2510
237 2126
176 2440
273 1055
14 2362
2609 2761
966 1944
68 1976
239 1913
81 2992
2 2867
42 903
193 2228
1299 2325
23 2787
2077 2575
98 2909
1159 2992
9 2733
20 2708
261 2059
266 2786
1205 1642
760 2450
1286 1469
541 909
98 1516
281 1877
34 2964
836 1010
34 2885
1629 2230
26 2883
1270 2519
328 1408
1318 2105
523 1311
353 2221
1624 2583
112 1764
302 2976
160 2949
137 1337
766 996
30 2919
872 1335
80 2993
1029 2886
622 1382
467 2289
330 2031
1935 2430
82 1365
1149 2251
270 2907
872 884
1171 2480
53 2440
2318 2650
38 473
1967 2645
378 1949
245 1678
1132 1570
1068 2300
21 2844
274 2349
972 2915
268 1683
2678 2900
625 2799
926 1618
2714 2737
42 2509
1842 2066
1617 1633
835 1062
73 2080
373 2027
1777 2860
193 2828
377 2752
344 2768
46 2945
1806 2821
340 1141
889 2878
189 2976
662 2954
382 2585
23 2943
44 2952
1032 2206
1825 2913
1577 1842
936 2126
282 2889
140 1343
751 2722
939 1123
1326 2223
476 2455
1236 1894
1379 2635
85 876
499 2681
484 2491
89 1496
564 2415
466 481
1167 1168
415 1780
260 2979
177 2422
242 2897
747 1729
598 2995
765 2997
746 2324
2800 2964
106 2770
619 1995
174 2981
555 1199
440 1267
1439 2821
325 1023
139 2599
673 1216
2144 2681
23 3000
529 2433
336 2616
1243 2388
922 2075
1552 2950
37 2834
67 2965
348 2210
1703 2850
734 1105
1047 2642
192 2450
1038 2510
20 2734
1282 2338
202 2774
965 2295
403 2321
735 1755
555 2476
129 2827
8 119
232 2564
396 2875
235 2461
57 2792
712 2983
42 1745
585 2607
468 2489
92 805
2022 2158
103 481
790 2663
52 2374
2076 2587
591 2428
116 2454
863 2062
175 1758
250 1752
519 2101
881 2047
1065 2162
836 1741
416 1959
2100 2656
1333 2422
1750 2690
49 2146
918 2719
1088 1271
803 815
1207 2654
90 1345
478 1697
618 1216
1967 2306
1916 2072
934 2885
1117 1887
259 1564
1222 2957
1172 1963
732 2619
1385 2749
1319 2748
982 2123
1346 2616
162 1707
50 2989
386 1565
2196 2887
1301 1944
1755 2325
198 2786
1186 2088
1020 2984
61 2969
406 2103
121 2864
284 2574
463 2674
213 2701
575 934
1 2998
1471 2443
1509 2639
543 2906
286 1527
235 2381
119 2379
103 2998
2168 2459
118 2965
204 2819
1225 2035
1560 2699
727 2351
122 2097
1183 1825
11 2230
1 2969
791 2264
289 1410
1268 2375
187 1052
49 1845
643 2052
502 1768
2491 2517
1544 2390
152 2776
109 2877
1180 1661
649 2025
1110 1832
242 754
317 2543
292 522
594 2539
1144 2765
1184 1362
230 398
1207 1280
155 1995
367 2893
1065 2233
955 2361
816 2576
234 642
1216 2382
887 2016
2076 2940
534 2756
484 2252
77 2979
162 357
2332 3000
245 2135
1258 2283
977 2147
2379 2479
655 1708
881 1799
429 2990
2325 2535
126 2824
299 714
135 2689
1554 2063
975 1388
667 2533
264 2081
129 2974
330 1972
38 1479
658 1166
26 2853
532 2960
2582 2798
223 1818
130 1142
760 1502
420 1732
1596 2961
2336 2376
124 2556
876 2984
751 2830
122 2873
1478 1950
1460 2888
119 2799
562 1458
13 2937
535 1414
1753 2574
1179 1927
322 2175
230 836
1173 1501
206 242
597 773
2080 2964
243 2048
21 2906
205 2886
38 2274
423 1642
349 1672
625 1100
1795 1878
54 2783
507 2422
1773 2720
430 2170
607 745
460 820
1396 1496
789 1557
7 2768
34 2256
910 2734
289 2979
200 1914
2431 2783
2542 2644
258 2795
1156 1393
294 2176
394 2951
605 2626
619 2976
597 786
160 1400
432 1711
516 2390
2517 2840
362 2694
5 3000
1456 2902
2473 2941
407 2232
1574 2586
592 2767
1868 2923
1071 2700
54 2376
1905 2093
71 2447
170 2843
22 2986
195 1261
33 2819
1775 2098
103 2906
6 2459
1283 1720
207 1140
1147 2002
2104 2744
68 531
95 2779
220 1310
861 2878
361 2741
2131 2215
162 2904
136 2422
2323 2807
3 2869
324 2998
6 1236
343 2834
263 2700
65 2793
656 2905
50 2931
1616 1818
1462 2967
82 2562
1059 2701
1868 1934
696 1836
168 2263
253 2824
1360 1603
1427 1506
326 2399
1206 1718
346 2844
13 2951
81 2280
611 863
742 2881
334 1739
835 2786
325 2290
33 2479
474 1253
195 2560
1289 2076
528 2536
14 2918
996 1490
27 2970
215 819
182 2191
66 2071
350 2306
1765 2367
122 2998
421 2590
519 2409
160 2892
1781 2178
2383 2605
106 2545
537 2633
44 2875
579 2987
833 1939
331 1358
1471 2328
656 2126
788 2446
79 2863
1115 1391
1536 1649
648 1461
915 1940
201 2454
1248 2628
701 2171
1173 2757
163 2846
18 2927
1176 2871
800 2666
586 2759
378 2713
2317 2935
131 1257
479 2224
70 2966
23 2050
1655 1805
141 1228
940 2217
24 500
582 1366
1844 1913
333 2709
2403 2510
7 2976
244 2526
1801 2532
564 2275
147 2986
631 2846
284 2985
1003 1881
1119 1907
354 2467
1658 1742
85 2781
428 1996
502 2059
834 2196
907 1108
109 2967
193 2068
1204 2107
12 2211
990 2283
1453 1844
1249 2925
1869 2860
788 1797
188 2937
1808 1846
595 2855
31 2489
308 2156
2459 2563
675 2283
697 2639
158 2391
1747 2954
1130 1902
2331 2470
388 2770
10 2994
1707 2959
349 1141
201 2871
730 2254
34 2659
1920 2974
519 1779
1294 2065
111 2442
479 1989
92 2721
226 2702
677 2941
1627 2292
197 955
810 946
12 2985
522 2631
1064 2045
427 1375
996 1108
655 2789
662 2787
1789 2097
1997 2013
1762 2296
266 1625
894 2644
491 1567
1243 2924
1013 1906
107 1181
333 2186
221 2678
23 2225
62 2973
7 2453
100 1043
510 2258
997 2768
363 2779
1686 1700
89 2804
48 609
300 1476
289 2998
1473 2069
1663 2826
135 2451
244 1647
1095 2538
563 1484
932 1888
59 1369
9 2932
493 2330
821 2851
1466 1582
72 1809
415 1426
10 2193
36 2800
1592 2704
999 2269
1805 2730
2377 2643
289 2935
569 2515
151 2474
572 2809
353 2312
1371 2386
504 2979
1063 2422
1821 2110
269 2512
512 659
1868 2728
955 2945
1152 1719
192 2911
3 3000
2306 2729
1247 1265
37 2574
490 2663
1125 2693
236 2159
1333 2487
1 2701
693 1927
559 2919
348 2100
457 2723
253 1610
25 2969
1529 2023
2392 2408
1144 2366
608 1733
199 2942
1580 2373
88 2925
373 2033
606 2563
559 2265
175 2685
1048 2795
1709 2387
914 964
528 2507
586 2842
1017 2803
967 1605
234 2755
1484 2215
231 2902
893 2347
555 2543
263 1774
2546 2967
1781 1886
822 945
190 2216
653 1802
1051 1422
295 1577
1284 1819
552 2301
129 2863
839 2904
7 316
379 2743
1358 2769
1081 2399
192 2365
66 2904
992 2355
2041 2642
7 2997
214 2098
586 2544
1217 2795
837 2910
912 951
211 1722
164 1894
2497 2938
1565 2450
225 2971
508 2829
765 2636
207 2336
36 2926
1103 2020
645 2204
661 2171
382 2357
916 1049
286 2879
1494 2625
81 2648
1488 1979
605 1375
517 1510
1415 2099
250 968
33 3000
2549 2676
698 2913
270 1726
6 2190
180 1716
2604 2661
512 2797
2569 2959
45 2944
15 2272
373 1145
1093 2985
306 2714
578 604
182 2983
677 2864
1212 2952
515 2907
896 2029
2872 2951
797 2772
1251 2244
1394 2761
1557 2568
678 914
2067 2784
623 2557
1072 2115
204 2400
103 2941
454 1976
2259 2345
1183 1635
674 956
439 2582
83 519
1030 2951
182 2709
161 1436
2070 2778
706 2762
805 1286
1146 1960
185 997
270 2808
69 2097
1355 2559
1439 2896
962 2589
158 2982
565 917
496 658
162 2989
885 2880
18 2599
1542 2280
165 2558
492 2258
198 2913
2947 2980
182 329
514 1597
559 2648
1791 2576
296 2824
1973 2800
1009 2667
92 2839
989 2667
525 846
725 1125
1002 2265
1377 2940
125 2862
1472 2395
969 1082
1731 2803
366 2892
15 1200
407 2205
40 2679
238 2574
857 2863
127 2662
2313 2446
18 2122
2382 2743
130 1501
294 1225
697 2894
2387 2734
318 2481
43 2560
661 1348
663 2579
518 607
756 2829
1699 2719
783 2195
593 2435
641 2053
165 1098
52 1545
218 875
365 2583
571 2710
1434 2956
906 1762
2727 2745
1730 2695
505 2498
450 2711
62 1992
1095 2524
1339 2481
291 1922
2505 2907
929 2448
649 2409
393 1576
142 2723
186 637
1098 2997
422 2899
119 2567
1218 1985
415 2738
1419 2238
1001 2821
47 2821
2268 2640
83 2774
150 2842
974 2668
556 2934
1838 2340
567 2609
78 2168
1902 2802
513 2853
540 2694
2497 2537
229 2085
622 2518
1517 1621
1672 2807
388 2775
417 2556
183 2836
667 1485
916 2327
920 2210
1192 1747
2335 2594
97 2469
1261 1763
1586 1684
157 2665
1994 2507
1075 2817
143 2718
3 2629
71 2140
1053 2092
791 2658
1240 1806
64 2954
55 2889
1448 1463
662 2794
118 2967
1135 1692
706 1088
1711 2613
2766 2817
867 1654
1 2582
19 2995
174 2989
1001 2444
2640 2945
431 2073
236 1636
223 2890
316 2389
1589 1930
1956 2960
770 2442
1216 2613
149 1860
1591 2634
1198 2279
1917 2357
255 2298
444 2328
1606 2467
673 2107
1010 2865
1672 1835
109 2947
1053 2814
73 2066
1727 1751
305 1868
574 2969
448 2026
1651 1929
275 2892
1005 2829
308 644
786 2625
507 2430
139 2532
82 2939
620 1058
1115 2853
245 2813
477 1372
660 2157
310 2330
1740 2185
1120 2868
139 2535
304 2942
944 2471
1069 1715
835 1289
447 2617
166 2507
763 2171
1088 2292
648 2622
888 938
4 2999
1573 2468
69 99
725 2007
577 2430
1586 2212
21 2036
1051 2767
1373 2231
1693 1835
58 2709
823 2885
231 990
372 2832
632 877
365 624
646 2800
1462 1837
192 2758
569 2544
507 2334
2848 2930
1776 2935
246 2372
301 2869
780 1351
285 2673
1940 2741
206 1798
1227 2749
1376 2323
3 2989
207 2485
1819 2515
1489 2347
326 2091
701 2744
77 1217
816 2959
5 2997
193 2928
254 1837
239 2175
222 2829
1136 1813
616 1853
66 2408
1109 2061
1302 2841
139 2904
1442 1697
174 1555
619 2699
37 312
1294 2969
1697 2707
160 2513
1353 2350
107 326
494 2878
2615 2909
355 1224
893 2544
1365 1703
2082 2148
1409 1700
1803 2183
587 1870
384 1037
391 1452
1014 2469
245 2843
472 1170
10 2810
676 2372
1247 2699
1334 1345
71 2817
1407 2140
1361 1913
243 2526
164 1952
509 1400
463 1914
19 434
1994 2979
74 1617
193 2714
1612 2884
103 2159
1467 2944
475 2109
52 387
621 2767
1387 2075
608 1752
1154 1455
925 2538
524 1774
451 2984
1414 1669
1492 1716
1219 2129
922 1309
59 1387
208 2688
67 2592
392 2631
1798 2841
771 891
505 2740
103 2701
45 2158
369 2570
1098 2676
254 279
978 1653
112 1754
1868 2838
552 1630
384 671
1374 1377
1590 2331
381 987
232 2976
1233 1599
152 2845
2106 2303
405 1338
299 2634
99 288
1655 2917
749 2320
2610 2636
161 300
1078 2527
588 1029
575 2241
1231 2471
890 928
1065 2526
792 1116
26 2782
18 605
525 2195
872 2270
373 2705
17 1379
107 1005
627 2114
395 2134
773 1778
320 765
146 250
639 2396
642 1509
552 754
979 1408
7 2579
105 2993
49 2382
2281 2959
766 2886
608 1756
328 1055
1872 2166
100 1169
466 721
423 910
21 2986
93 1772
56 2990
993 1670
85 2900
1532 2487
577 1683
160 1852
187 2794
62 2784
327 974
222 2062
1376 2351
602 2616
1130 2730
1419 2762
913 1862
1191 2507
2231 2774
177 2471
82 1740
584 2765
1279 1613
35 2885
1839 1873
346 2177
985 2617
569 2591
227 2332
707 2637
1406 2713
317 2926
705 2538
76 2963
441 2845
582 2899
284 1558
1547 2986
784 2807
268 1763
191 1315
162 1748
192 2662
223 2469
510 2826
1144 1682
1302 2237
1182 1876
1435 2621
341 2149
1353 2942
291 2093
171 2748
112 2260
282 1574
201 2958
79 2983
1771 2923
1832 2305
2287 2930
1549 2376
1043 1575
1716 2618
47 2476
139 1946
2026 2683
1109 2620
130 2642
7 2956
612 2740
1765 2277
653 2816
859 1874
1460 2333
1207 1284
2146 2722
98 1283
623 2896
938 2776
1 2926
2297 2556
349 2989
473 2311
328 2966
1778 2069
635 2361
1500 1649
715 2812
197 1034
763 2209
364 2427
465 2066
1043 1314
154 2695
325 2990
378 928
1319 1328
175 702
482 2798
842 1979
160 2498
467 2042
875 2838
804 1919
1415 1535
427 2027
225 1309
9 2943
16 2882
2161 2996
932 2952
11 2995
105 2556
467 2163
65 2715
1003 2299
981 2910
256 2635
46 868
1502 1706
473 2828
1054 1753
771 2803
559 1932
482 2291
1302 1711
1782 2969
2655 2817
993 2866
376 2485
2637 2823
1224 1999
1325 2384
887 2698
995 2339
475 2410
1172 2204
1932 2847
109 2891
2844 2869
578 2875
531 1766
31 1587
39 2619
916 1553
378 2940
1360 2159
800 2696
905 2820
122 2901
1590 2270
240 2692
613 2679
242 2409
929 2883
623 2523
497 2418
2007 2988
426 2600
1886 2836
225 563
87 2878
746 2786
1109 1702
765 2876
556 2889
1388 2830
1968 2654
63 2380
1396 2637
686 1616
1681 1982
6 3000
794 2456
204 2594
208 2607
384 2104
4 3000
417 1429
183 1838
1326 2268
1139 2095
23 2939
88 1712
328 2515
309 2996
308 2201
213 2691
418 2547
755 2494
21 2971
80 807
749 2466
29 2023
847 2543
1672 2441
24 213
27 2981
200 2024
2074 2314
594 2493
2268 2407
482 1249
76 2799
900 2956
78 1897
165 2738
122 2348
796 1163
1172 1695
353 2753
1605 2482
23 260
287 2147
1697 2918
582 2112
17 2593
583 2824
804 1543
1236 2821
1897 2264
28 2957
1604 2154
355 2930
380 2946
318 1265
1329 1584
698 1284
959 2591
1769 2881
1345 1717
1242 2793
113 2728
236 1418
11 2818
2015 2629
2392 2471
163 2861
226 2527
2015 2505
33 1925
2757 2965
495 1147
514 530
269 2932
770 1172
79 1307
161 1573
1926 2248
113 2218
358 1387
72 2720
2987 2991
114 2077
179 2517
304 1618
431 2729
75 2960
587 2357
702 2684
2753 2906
10 2446
1156 1712
1230 2935
196 2960
2645 2879
24 2366
774 1177
1665 2706
1675 1693
1666 2700
773 1722
638 1243
2274 2782
740 1770
472 2292
250 2104
723 1229
1470 2958
87 1998
130 1968
45 1235
473 2870
81 2764
685 2066
564 2607
1773 2311
1102 1263
1112 1487
514 2807
199 2990
414 2977
532 1584
501 2745
1296 2731
357 1528
1625 1849
2041 2090
446 2553
1584 2952
717 1410
483 2219
440 2940
105 2945
325 2411
846 1893
1205 2830
1772 2518
269 2971
230 2619
131 2800
22 1476
202 323
61 2620
94 2866
956 2024
1328 2635
374 861
1010 2170
646 2533
1312 2383
1983 2592
1206 2284
85 1254
151 2925
2309 2459
397 2250
751 2082
1148 1295
168 921
1505 1923
137 2871
706 2978
1125 2476
965 1212
1539 2216
1400 2901
1664 2963
110 622
561 801
153 1130
1946 2341
97 2805
282 2573
102 2825
224 2893
1103 1323
13 2271
944 2815
572 2170
123 621
1467 1585
1974 2668
26 2838
162 979
59 2923
431 2429
44 508
1728 2803
320 2668
19 2617
115 2497
805 1369
2187 2253
23 2975
839 1356
661 2878
678 2531
2100 2418
514 1228
1277 1427
224 2364
221 1294
1121 2106
238 2613
82 2199
679 734
966 2149
1096 2127
1675 2816
920 1600
287 2453
15 2924
147 1817
976 2297
96 2806
78 2847
413 768
231 1104
447 2184
338 1459
761 2898
1881 2090
124 2774
2 2945
854 2452
908 2726
664 1123
2357 2919
2843 2932
1795 2175
179 1988
44 2991
836 2524
155 2837
8 2997
192 2811
1481 1730
1214 1450
177 1623
78 2984
521 2917
246 2832
1641 2826
1800 2065
1574 2606
340 1248
663 843
2294 2728
270 2759
1436 2251
1036 2651
150 2939
83 2798
1622 2951
1402 2727
1038 2800
1226 1821
664 2720
1157 1676
415 448
306 2235
2029 2148
1907 1954
839 2536
1340 1935
72 2988
246 2928
2715 2783
203 2345
1637 2049
744 1349
2451 2941
442 1147
239 2965
1934 1961
1532 2826
787 2431
361 2898
311 1488
1415 2360
656 2025
1125 1821
412 2776
527 2707
162 2049
1243 1431
174 1448
1341 2848
64 183
12 2105
853 1734
312 609
40 2966
747 2437
68 1897
1439 2518
772 2630
309 2825
2206 2886
528 2175
763 879
1974 2417
2612 2828
584 2586
967 2822
1742 2580
276 2571
213 2253
372 779
32 2781
292 2899
44 2987
1515 2105
986 2493
875 1048
351 597
238 1892
1007 2108
196 2830
1758 2337
212 2823
568 2655
214 1364
533 2611
1597 2475
1472 2698
252 2975
710 1079
311 2633
969 1912
723 2579
155 2547
2437 2777
514 712
689 1930
605 2680
555 1004
737 2375
1170 2417
679 2365
276 1636
690 2402
89 2205
1170 2938
809 2207
68 2781
362 2457
268 1319
607 806
244 2379
7 2667
4 356
490 2699
21 2620
1120 2827
1184 1670
41 533
24 2858
1089 2127
408 2824
1152 1875
492 544
929 2635
1246 1379
1808 2888
1261 2629
1391 2820
158 1984
163 2226
682 1328
309 1249
2010 2495
952 2609
1468 1808
453 2034
436 2768
152 2805
41 1372
79 2810
452 1240
934 2900
585 937
1144 1233
428 2645
1159 2306
949 2939
4 2990
1543 2371
66 2930
1548 1621
386 1764
310 2667
943 2354
2016 2641
213 2306
1819 2008
1174 2968
480 2823
461 1702
407 2413
94 2211
347 2942
2153 2178
1255 2627
252 1715
556 1580
103 2752
555 2903
256 1140
980 2207
339 2165
1179 1196
120 1726
1408 2313
2146 2968
101 478
583 1591
1111 2962
1533 1895
1715 2240
593 2826
435 2882
1590 1777
988 1954
1261 2908
908 1731
210 2967
439 2655
626 2905
697 912
250 2645
1075 2430
234 2987
622 974
1289 2498
625 2194
1207 1968
292 2884
253 2696
1233 2673
836 1340
1969 2042
3000
2332 2979
1481 1854
1500 1899
1558 2594
463 2841
364 2564
329 2361
2733 2781
164 2900
221 1081
1221 2377
1268 2618
238 2759
1131 2499
32 2351
165 2119
23 2573
17 2327
1376 1836
145 2917
1427 2690
139 2398
40 2860
668 1960
1089 2427
837 2512
1898 2266
1018 2468
119 1079
330 2752
89 2968
1303 1994
544 1723
252 2410
225 2630
162 2258
835 2885
1020 2719
1486 1687
752 2793
1635 2531
371 1777
194 1042
92 173
179 2906
962 2724
114 2987
866 2414
262 1780
1092 2458
47 2915
376 930
289 2957
295 447
2071 2516
1320 1804
676 891
313 1533
199 2857
1158 1806
645 1628
1593 2478
1178 2604
1391 1968
1163 1890
45 2637
2173 2707
170 2232
1134 1625
832 2436
758 1386
2029 2573
328 1869
122 3000
1386 1604
1448 2769
1040 2851
118 2771
252 1883
59 2844
82 422
32 2988
242 2797
264 2718
540 2365
2238 2658
1830 2670
272 685
3 2840
616 2479
1806 2154
690 1521
1248 2556
411 1436
133 2378
364 1538
763 2794
1315 2395
235 2291
390 2884
221 2970
30 2998
912 2202
60 2923
201 2598
297 2241
17 2985
739 1421
1407 2060
1413 1681
115 2992
1443 2755
56 2829
305 2968
1536 2460
1866 2820
765 2365
951 1828
1670 2429
662 1817
709 2803
2804 3000
866 1709
537 1686
6 2610
1428 2556
988 2740
182 2929
55 2380
166 2850
1066 2365
424 2440
278 2269
378 1124
676 2464
294 2711
2050 2765
335 2397
71 2999
892 2381
31 2961
419 2932
316 2953
183 2962
2797 2884
762 2950
1211 2683
1720 2925
1376 1751
596 2836
223 2965
390 2162
4 2760
488 2693
219 1739
1730 2270
772 1508
2020 2781
1254 2219
583 2686
1020 2889
412 743
448 1344
1399 1650
401 1321
679 1910
6 2993
914 2779
204 2994
855 904
521 2554
1020 1382
1298 2527
1573 1941
132 2989
446 2792
383 441
308 664
1101 2965
119 664
460 2968
15 1408
138 2735
95 2647
348 2456
550 2970
1011 2098
812 1549
199 2256
372 2924
17 2983
513 2812
97 1134
33 2952
287 2017
735 1761
259 2746
1216 1731
1049 1736
1505 2291
712 1490
1578 2122
346 2549
1043 1990
64 2664
1472 2034
2123 2784
1018 2859
1231 2489
1057 2604
233 2827
15 2824
662 2698
284 2739
1385 2353
600 2693
558 2041
22 1957
1135 1900
89 2778
144 2436
460 1325
179 1678
366 781
2474 2490
2825 2985
558 2137
318 2671
602 756
888 2303
991 2299
480 2532
1362 2595
198 1789
345 2413
4 2954
437 1845
675 2742
529 2997
211 2657
1351 2386
68 2991
974 984
446 1926
131 918
1194 2281
53 2884
446 1346
753 2671
1203 2762
357 2649
84 2970
149 2864
452 1469
31 2997
547 1735
127 2429
979 1225
1410 2892
646 1952
1376 2538
1624 2720
2179 2915
53 1913
446 2902
854 2873
433 2812
1576 1955
839 2091
396 1649
1450 1717
2117 2944
2093 2835
159 2912
2176 2445
2085 2962
20 2903
786 1458
923 1310
1133 2906
911 1194
1820 2901
132 2800
720 1277
308 1748
81 2948
1293 2777
106 2738
1684 2735
405 2757
93 400
26 1116
370 2295
897 2036
2156 2531
1348 1873
343 1307
1844 1884
315 2850
64 2894
2401 2629
990 2481
1458 2700
400 2688
248 1305
119 2717
1019 2296
1487 2700
100 2974
152 2634
926 1122
69 2838
86 2063
1543 2455
2222 2284
623 1319
343 2857
655 2580
56 1916
2087 2581
993 1941
457 2017
1596 2880
87 1498
371 2954
269 2783
231 2564
146 2880
478 1608
1555 2809
1463 2988
89 2855
2202 2964
142 2420
525 2972
360 2633
591 2845
1282 1721
978 1712
8 2956
1148 2634
322 1812
965 2255
1471 2182
967 2928
906 2945
623 874
1030 1747
23 2381
11 23
1482 1784
997 2393
309 1344
1475 2340
613 2742
869 2926
207 2791
186 1528
1884 2425
56 1390
837 1520
1630 2864
1034 2137
458 2729
125 2308
2139 2837
1697 2146
691 846
4 2699
898 1869
66 2862
420 1869
613 1669
1519 1887
972 2915
1355 1961
192 2530
894 1700
513 2977
287 2134
181 590
482 768
615 708
888 2962
349 1827
1022 1289
317 2597
115 2761
525 1613
1265 1448
268 1792
514 1034
1061 1845
29 2989
2106 2260
2713 2968
233 1074
37 2777
85 1606
1183 1650
413 2518
377 1440
276 718
1556 2960
58 2587
800 1023
76 115
1032 2776
3 2993
2532 2665
154 2415
231 2781
2201 2297
241 2879
1591 2453
1 2999
436 2567
1906 2804
269 1803
55 2798
244 2818
1257 1513
2146 2230
1148 2309
311 779
797 1978
2036 2561
15 2850
308 2908
1086 1849
86 232
989 2804
42 2498
679 2761
467 2641
158 2490
1442 2601
139 1488
1520 2404
895 2800
134 1411
1083 2237
1250 1788
380 2924
2666 2921
592 2196
945 1108
25 2856
2153 2967
165 1346
2230 2770
1415 2726
916 2258
475 2797
512 1513
225 2097
29 2770
5 2994
1545 2989
966 2434
223 1250
1388 2758
1513 2308
547 2517
2141 2214
392 1249
1472 1629
462 2719
152 2152
763 2726
157 796
1570 2819
644 2750
552 2947
852 2123
2386 2727
1640 2051
80 2314
438 2549
350 2892
76 548
526 2513
823 1055
352 2858
20 2415
314 1261
2594 2909
1544 2235
573 2773
1141 2367
29 2810
385 1979
1236 2183
544 1674
686 1299
851 2543
157 966
38 1864
207 1507
696 2093
184 724
1499 2410
857 2940
193 2866
806 2120
91 2790
118 2357
137 1106
352 2165
33 2984
568 2974
902 1663
2310 2835
1124 2893
2332 2504
42 2949
163 2676
779 877
2840 2856
435 2602
342 1490
729 952
956 2926
724 1998
150 2040
128 1066
716 2898
306 2884
2021 2219
1301 2922
1437 1773
91 2436
170 1734
1633 2882
255 2142
334 2978
939 2044
269 593
1017 1331
57 2974
500 2854
58 1273
273 2978
183 993
663 1418
143 2167
100 2999
346 1830
66 2906
127 2887
378 1033
941 1852
577 2502
1328 2150
90 1489
214 2039
750 2724
1723 1842
315 1583
632 2727
240 2871
133 759
314 2025
1127 2167
804 1013
592 2995
49 1386
419 923
1308 1754
1498 2558
395 2863
650 2853
895 951
8 1760
1227 1522
30 1888
611 1691
271 284
957 1761
471 2463
31 3000
568 1389
189 2971
38 2929
431 2353
566 2638
960 2726
102 2244
1674 2226
76 2981
1907 2440
52 2505
179 2314
2349 2576
2458 2569
1550 2796
390 2642
731 2501
712 2702
118 2987
266 2889
1321 1585
574 2154
477 2064
2474 2823
173 2508
69 1991
154 2828
365 2353
1025 2994
80 2839
919 1240
35 2846
2 2246
1727 1761
582 2363
177 1878
1016 2789
1475 2726
442 712
997 1371
1183 2595
436 1134
104 3000
2219 2371
774 2243
1409 1835
296 2372
43 2772
1096 2071
33 1371
1347 2212
263 2267
269 2065
71 2388
525 2786
2568 2640
457 1701
362 2504
353 2321
1118 2984
51 2967
124 2698
611 2377
411 2187
1230 2490
704 2400
1633 2299
1356 2254
1320 2274
363 2762
689 2285
686 2646
133 1252
799 2972
803 2326
1639 2532
380 2391
422 2923
683 1901
2033 2770
1174 1533
1938 2004
585 2373
1690 2699
1229 2690
1469 1789
1132 1852
95 2669
387 1645
1993 2872
16 2730
1635 1661
574 2485
95 2380
48 2685
2654 2901
1986 2892
548 2557
1168 1927
1031 2777
1834 1840
1008 2907
419 2723
2121 2748
1757 2500
616 2709
346 2875
967 2730
300 2458
48 1256
77 2977
690 2061
1228 1543
1726 1759
111 2367
450 2722
159 233
112 2753
1319 1661
532 2594
47 2301
530 2224
1814 2335
632 844
1391 2745
989 2253
341 2608
1360 2364
1294 2785
6 2995
661 966
113 1083
88 1401
226 2770
555 2039
318 1875
2850 2972
673 2998
578 2475
1965 2290
962 1589
1766 2154
316 2163
613 1147
867 1225
1030 2435
548 1543
1378 2958
424 1915
274 2791
424 2250
1326 2400
1044 1797
108 2748
2475 2589
886 1557
1139 1522
38 2992
181 1125
2077 2479
1147 1562
988 2969
2204 2834
1695 2844
186 2746
695 2671
1469 2453
62 2958
508 2981
294 1069
24 880
1685 1916
794 2897
2053 2099
1498 2166
368 2753
176 2993
700 1883
1154 2909
1412 2361
589 2840
168 1126
1153 1483
2671 2697
86 2989
2027 2295
709 2641
1548 2914
1675 2576
210 1759
548 2092
193 1753
309 573
830 2699
1513 2440
201 2726
111 289
924 1955
2649 2911
1768 2308
886 1148
10 2980
683 1504
332 1763
165 1883
66 2966
611 2637
424 1657
85 440
18 2909
56 2770
27 2369
1398 2597
1421 2174
39 1592
2419 2793
1788 2761
1452 2482
923 1262
2306 2892
1796 2241
1582 2012
675 1578
1761 2847
28 2976
2104 2375
1805 2564
81 2930
1085 1851
1383 2314
26 2100
1 2997
799 1730
146 1132
2070 2765
1503 2729
2310 2981
59 2862
2284 2406
799 1190
1504 2362
1040 1787
1258 1740
1712 2398
345 2498
355 2818
549 1960
586 975
2276 2950
1887 2067
210 2980
645 2593
1170 1863
243 1128
1037 1751
871 2970
615 2170
46 1688
171 2307
104 1808
1472 2488
666 2736
153 2989
1088 2251
575 996
1150 2230
410 2205
2068 2277
330 2887
681 1435
946 2999
1529 2578
303 1264
679 2164
174 371
21 2983
315 2949
818 2186
2814 2901
643 1933
278 2059
2390 2661
109 1842
226 2606
1235 1566
1105 2122
795 2751
1048 2626
928 2278
1724 2470
143 2763
831 1735
831 1170
448 2873
1835 2955
391 2431
824 1560
83 2912
1488 2976
54 2107
1023 1876
111 1804
851 2074
836 3000
2083 2715
207 1590
1486 2696
549 2963
1274 2100
751 2976
951 2665
339 2799
59 2900
84 2998
111 2517
160 2710
393 1560
399 1973
61 219
257 2840
308 2954
764 1822
928 1287
303 2121
1139 2959
59 2700
1817 2790
274 1693
445 705
622 2141
828 1687
1388 2366
158 497
239 1073
237 1977
578 2889
57 2904
890 2292
371 876
824 1894
197 2597
2564 2564
152 2990
438 2231
1162 2374
182 359
727 2863
1250 1684
33 1958
1049 1330
419 2560
136 2600
1764 2337
510 2682
118 2910
9 625
1300 2934
356 1528
1875 2067
40 2998
37 2980
930 2118
107 2869
1231 2320
234 1976
375 2275
2 2660
93 1695
459 2833
156 2045
384 2663
1303 1423
259 1997
34 2906
2026 2864
1238 2530
420 816
875 1826
1203 2159
471 2927
107 2906
772 2816
239 1618
29 1350
554 2925
28 2113
665 2518
1859 2461
570 2044
159 2992
1021 2881
1666 1847
23 2009
2400 2693
1749 2961
807 1027
151 2683
486 2709
1206 1560
537 2441
625 2664
452 808
28 2964
760 2688
1516 2771
839 2433
108 2744
1815 2420
2574 2774
268 455
1097 2870
1369 2789
534 2384
41 2760
741 2378
24 2898
924 2774
695 2268
243 1305
928 2478
1062 1460
2034 2944
462 1595
290 2860
155 2066
980 1192
473 1592
445 1000
81 2854
309 2617
427 1399
732 1678
938 1159
1309 2074
212 886
5 2946
33 2400
301 2417
190 2730
1389 2978
222 2694
1281 1942
644 834
1581 2831
813 2668
181 2910
97 2447
389 426
37 2345
85 2360
397 2546
445 2719
78 2472
1964 2886
1623 2710
1225 1909
859 2567
170 681
1020 1478
1238 1793
323 570
802 2816
63 2303
42 792
577 2264
349 2648
1338 2622
1761 2461
768 2650
2178 2372
594 2921
204 2422
1541 2443
518 2081
715 2909
733 2161
921 1419
15 2914
410 2327
1228 2996
108 2995
1858 2579
28 2925
2254 2274
1056 2939
1609 2483
940 2993
1001 2320
1379 2804
1229 2671
423 2149
574 2330
836 2790
475 2634
246 1118
1502 2995
707 2670
594 2688
442 2909
732 1956
608 2439
1 2525
503 2735
292 2962
48 1854
710 2348
335 888
261 2929
942 2035
84 2482
117 2894
1042 2381
708 2674
531 1773
265 2429
792 1733
60 2991
1386 1492
958 2925
75 1690
781 2758
725 790
2884 2996
857 2955
675 2933
760 1940
817 2803
450 1540
1829 2761
479 1479
673 2339
303 884
17 2285
2638 2788
2552 2965
1189 1500
1356 2303
135 2956
430 2758
341 1401
670 1521
82 2868
195 2841
1599 2315
2080 2371
853 1536
135 1409
124 2768
29 915
52 2081
419 1035
1501 1679
27 1637
764 1989
771 2669
816 1671
520 1169
1163 2792
285 1455
1242 1738
123 1106
56 2825
399 2954
398 2948
327 1217
221 2902
1593 1860
20 1417
1274 1362
2259 2319
850 2609
557 2413
1658 2660
10 2682
40 2374
2135 2670
1149 2134
643 2252
568 2262
154 2955
37 1036
51 2613
1392 2111
360 1580
148 2738
1251 2530
28 1585
175 2529
46 2971
1456 1706
161 1892
903 2408
716 2536
1386 1809
15 2984
973 2943
471 2999
1508 2911
1009 2112
373 2684
1102 2578
283 1008
763 2646
1 2687
752 2234
205 2098
277 1206
1200 1795
1599 2195
749 2233
258 1466
1121 1876
1261 2922
2068 3000
651 2658
482 2931
793 1144
384 2218
11 2961
27 2892
286 742
1409 1702
933 1723
703 1124
1293 1396
1934 2735
1241 2880
1532 2301
480 1243
682 2074
493 1147
126 2474
95 504
219 2980
1151 2274
2047 2692
801 1848
182 2108
99 1144
2532 2810
377 2152
927 1416
1373 2794
848 2252
1048 2335
196 1112
1331 1331
57 2986
853 2675
1460 2517
99 2967
1159 2262
1276 1911
914 1714
326 2598
1331 2932
1457 2158
817 2954
165 1937
1168 2872
334 2920
935 1900
995 2850
623 1229
17 2971
1521 2990
599 2692
345 2896
1394 2893
548 608
224 2241
1302 1634
168 2222
593 2647
630 2736
21 2972
1227 1543
114 447
1333 1799
286 2695
1821 2583
331 1786
336 2240
1649 2318
1157 1911
154 2987
123 2912
16 2983
222 1417
792 2679
644 2608
896 2943
61 2164
211 2994
220 282
1561 2051
30 2653
1523 2533
203 2999
1537 1914
506 1244
1990 2250
247 2977
1268 2616
135 2663
1003 1504
685 2261
124 2937
100 1471
45 2552
245 2215
1981 2446
764 1955
573 2408
571 1089
1572 2419
329 2544
602 1772
456 2759
1290 2980
397 2169
37 2914
1023 1328
57 2964
3 3000
370 2871
551 2784
773 2487
1132 2844
373 2129
228 1175
24 2926
638 2949
2378 2463
661 831
893 1029
810 1646
709 2205
308 2527
985 2333
865 2717
1100 1274
914 2074
725 2879
1191 2537
103 2776
628 2018
388 2506
375 1988
151 2366
600 613
52 2756
1598 2725
646 2229
1949 2982
14 1316
1717 1717
1119 1312
456 2860
338 2643
80 1467
568 2479
667 2089
1205 1623
559 2019
957 2151
961 2647
586 2694
370 424
187 2387
6 2979
2507 2521
456 558
2146 2157
317 2159
1501 2953
360 2894
950 2078
512 1194
287 2996
228 2940
189 2767
399 2829
1274 2157
782 1620
1152 2424
1575 2327
1417 2413
1152 2801
166 2632
144 2890
897 1570
86 1753
346 2740
844 2797
1905 2893
1518 1951
514 1978
1031 1362
346 2105
1620 2188
381 2969
683 2113
470 2967
369 2636
1600 1744
1176 2947
85 3000
1571 2693
1427 2863
2889 2898
1060 2635
53 2878
662 2140
274 2859
43 939
71 264
1463 2509
1256 1572
1627 2720
1229 2986
79 1419
576 2257
90 2731
1373 2608
63 1910
958 2730
1114 1164
864 907
1829 2641
1933 2573
88 2383
1581 1590
2044 2879
488 2853
315 2385
685 2970
46 493
797 2947
267 2991
1421 2483
410 440
1855 2054
528 1260
10 2872
1033 1656
777 869
418 1511
730 2645
138 1939
501 2454
534 2870
216 892
1721 2066
74 2625
611 1710
136 697
2173 2546
129 2823
505 2368
1226 1748
810 2723
503 1587
935 2971
64 2957
245 2103
32 1753
37 2979
771 2682
1163 2802
361 2999
732 1695
1394 2649
399 2250
1103 1125
24 2963
1466 1895
335 2985
2044 2962
452 1652
745 955
170 2059
189 967
393 1808
65 2946
1713 2668
2291 2757
2557 2758
239 2600
224 2258
1030 1578
1565 2040
1422 2385
327 2502
647 2034
261 2727
6 2408
2022 2346
55 507
792 1656
49 1019
1682 1981
1653 2201
2608 2830
328 2952
1367 2715
2752 2769
1728 2091
860 2472
331 2959
671 2773
533 2001
47 2700
249 2932
529 2190
235 1956
249 1445
2731 2942
1125 2782
1047 2898
21 2888
194 2989
581 1940
110 2973
25 2978
1383 2816
142 2861
78 2486
924 1531
94 2661
1459 2612
1772 2153
180 1813
45 2150
110 2969
568 2849
1046 1862
30 2589
305 621
675 1704
240 1113
461 1255
156 1890
1445 2538
1250 2222
1762 2962
1652 2197
603 2984
524 2325
727 1504
361 544
1126 1326
1598 2524
793 2588
45 454
846 2859
456 705
658 2437
231 2568
142 1124
2261 2999
549 991
423 981
39 2873
128 2614
1464 2624
590 1981
5 2787
333 2229
50 2936
988 2546
28 2805
217 2871
1893 2182
1332 1988
361 2577
106 442
12 1023
282 2765
207 2464
445 2355
1551 2570
30 1748
161 2026
700 2440
1204 1408
607 1741
87 2744
1736 2707
1670 2910
2134 2760
1721 2262
395 2930
138 2656
1305 1849
219 2135
543 2592
406 2092
2203 2560
868 2873
1544 2504
2208 2314
2316 2667
251 2367
883 912
13 2753
485 1770
1088 2776
1235 2263
36 1305
1002 2942
513 1169
27 2997
526 2457
443 2935
190 2945
261 979
1465 1630
449 873
1996 3000
1967 2355
177 2403
1238 1832
134 1039
2543 2796
765 2464
718 877
788 2328
293 1834
1811 2783
1016 2237
444 2337
1408 2958
906 1316
1492 2770
115 2849
626 2826
39 757
1408 1984
732 2623
88 2391
1296 2786
2194 2923
1814 2262
44 2796
302 1269
266 2253
158 2786
649 1709
902 2341
142 1067
37 815
899 1766
2171 2178
272 2819
1351 1425
1024 1103
335 2394
719 2749
362 2992
283 2795
294 1055
784 2636
14 2995
800 2904
606 2267
553 1906
614 2511
71 2737
50 1565
1966 2364
43 870
824 2513
2180 2969
621 1348
2580 2960
44 2838
595 1253
1036 1067
1683 1727
1706 2552
850 1345
564 2385
687 2594
505 2668
100 2968
2259 2812
2339 2646
608 2024
1506 2156
353 2046
1164 2946
114 2914
2597 2635
316 2933
209 2811
1559 1843
1718 2632
286 2485
1901 2591
70 2945
402 2727
716 1731
34 2992
339 2997
124 1219
178 1955
942 2613
623 2098
354 2705
2365 2661
5 2977
36 2948
8 1201
1746 2345
1029 1426
2034 2807
471 1712
497 2987
490 2408
303 2855
12 2485
294 2662
239 2265
788 1358
1408 2942
775 1342
28 2485
720 2516
1972 2875
20 2767
134 2864
589 2037
1180 2135
392 2797
1734 2036
280 2861
58 2802
484 1946
443 1456
320 2858
603 2914
960 2305
1399 1569
993 1449
1261 2497
765 2942
1459 2026
22 2539
2105 2829
1574 2940
844 2198
117 1244
950 1193
1190 1873
1241 1285
803 2886
937 2882
138 1557
274 1659
383 1058
245 2990
418 2678
19 2989
1309 2533
1880 1916
270 341
618 1757
95 97
799 1725
843 1358
127 175
1706 2216
275 1748
479 2563
730 2783
1173 2998
583 709
187 2893
229 1568
85 2838
858 2059
553 2783
276 1054
669 1584
996 1898
305 2188
925 1192
1553 2011
75 2962
16 1096
567 2634
2585 2966
492 1022
210 2889
1147 2519
200 2422
989 2744
920 2341
1485 2044
269 2305
45 384
1568 2665
1272 2081
322 724
200 2917
1427 2792
699 2304
704 2188
493 2159
650 2378
1796 2604
1290 2220
2165 2220
416 2346
123 2618
785 2926
421 2884
1078 2647
102 2695
199 1199
14 2971
682 1090
1251 2844
1450 1457
888 2265
27 2967
330 1604
134 2959
295 1312
507 2969
31 2860
1676 2903
334 2431
30 2887
454 1367
374 2504
221 2045
2317 2579
1353 1937
267 999
169 442
761 1072
1360 2939
138 2757
74 2835
748 2320
797 1857
249 1031
40 2105
105 1923
1270 2572
645 1072
1228 2511
1631 2590
632 2234
1096 1432
1114 2717
594 2151
1398 2142
530 2444
160 2435
1375 1399
185 671
106 2984
303 1125
59 1713
656 2794
1610 1925
7 2265
1724 2620
169 1149
588 1915
2425 2962
675 1772
652 2360
1235 1956
445 2580
155 2783
1402 2627
625 2894
231 2392
105 2712
354 1818
971 2038
32 2451
28 2974
341 2432
2272 2554
613 2914
979 1602
375 2996
375 2633
754 974
1197 2539
41 2972
1193 2459
517 1916
1653 2125
824 2496
1526 2639
126 2810
755 2550
192 2935
492 1453
747 1907
554 2170
262 2667
764 1384
444 1370
69 2566
703 1564
2031 2780
851 2852
816 2786
229 2347
447 1904
419 1047
1027 1296
394 2169
1073 1218
261 1902
1581 2921
133 2780
176 1171
8 2858
2170 2354
469 2551
1405 2477
1889 2498
911 1419
1170 1491
1443 1963
1607 2500
604 1763
905 1618
1986 2097
986 2619
1484 2445
301 742
1909 2076
616 979
335 2412
920 2656
274 2277
333 2806
2346 2555
1377 2344
117 2942
2739 2925
187 2919
1070 2193
546 2781
93 936
209 2970
306 1034
1372 2763
323 1323
233 1220
1978 2318
18 2996
978 1968
839 1844
391 2344
693 1384
691 2533
1352 1685
225 2025
56 2819
2475 2550
469 2650
512 2138
37 1757
335 2941
549 620
141 1884
1714 1936
909 2690
902 2817
675 1783
254 1909
384 1202
238 2178
352 1482
18 2988
1282 1696
1108 2307
14 558
1643 2897
1762 1979
2358 2614
495 2076
1052 2842
41 2352
96 2389
736 2585
2530 2670
382 1384
464 2947
272 2093
250 665
61 2778
141 2262
1503 1694
2599 2796
1275 2790
1076 2774
552 1998
151 2894
1899 2341
107 2863
167 2315
168 2290
2040 2450
832 1746
1172 2070
989 1607
110 1600
90 2865
13 2997
622 2800
797 1897
1050 2537
187 2356
74 2808
100 2516
946 2867
1621 2828
402 2721
354 1597
2257 2323
1079 2908
1053 1299
99 2849
637 2077
394 2992
445 2739
484 1916
1518 2878
192 2042
557 2485
370 2708
198 1984
510 682
270 2525
148 2698
2350 2789
1895 2163
941 1001
1200 2858
740 1341
1744 2109
100 1986
1277 2716
85 2975
543 2894
136 2907
200 2602
49 1732
1655 1769
489 614
675 2247
1912 2071
128 2907
485 2709
399 2706
406 2686
299 2994
246 2977
235 2895
847 2279
198 2978
234 1817
278 1162
1602 2815
1056 2519
1680 1827
2055 2633
1926 2963
1379 2193
47 1908
38 2493
11 2821
508 2697
410 1784
947 2523
422 2723
67 1154
1035 1601
354 1794
70 2792
1162 2736
901 2130
1234 2640
1096 1545
1470 2440
1179 2965
97 2743
272 1921
757 2751
37 2687
96 2678
469 962
1093 1836
2626 2833
169 2645
980 2874
106 2342
490 657
1037 1112
881 1706
499 2314
257 2486
1805 2552
86 2784
793 2227
499 1691
904 2079
1897 2660
506 2527
49 2919
1386 2966
1950 1959
1014 2534
330 2986
715 1507
823 1886
294 1821
1 872
1459 2805
1078 2675
2290 2947
4 2942
161 844
2151 2469
116 758
29 2757
934 2739
1597 2971
89 2177
1677 2552
446 2820
116 2729
58 2375
2798 2802
1171 2918
669 2902
411 927
85 1867
437 2329
198 2563
951 2242
48 2961
341 2941
1606 2026
2602 2996
77 513
1869 2176
309 2769
32 2982
224 2855
16 2662
1971 2485
73 2706
2422 2929
2062 2903
114 2633
127 1905
714 1512
150 1417
399 728
331 2986
656 2448
185 2978
97 2579
101 2876
804 1628
174 2004
1158 2859
740 1446
2345 2818
762 823
276 2640
735 2785
1405 2257
46 2858
446 2693
235 2222
728 2444
298 2300
872 1638
159 2971
2 2983
672 2987
1835 2214
615 2383
655 2324
1376 2980
118 2526
658 695
350 2927
529 2741
1132 2606
197 361
694 2975
299 2094
93 820
1444 2381
68 2000
57 2847
1922 2348
1519 2597
627 1944
451 1896
510 1923
1694 2793
215 2797
993 2859
230 1239
178 2596
1590 1764
1209 2270
75 2955
824 2184
2062 2380
334 1487
667 2321
43 2942
624 2117
738 2738
218 2709
1894 2242
1489 1745
1949 1999
1039 2219
286 517
124 2181
448 772
20 2572
511 1543
16 267
1133 2211
2064 2250
281 1814
1245 1618
1634 2012
1413 1759
1247 1888
921 2366
33 2761
432 1713
418 1710
53 2685
385 2309
218 2614
10 2753
672 1764
1053 1411
874 2201
20 2347
1923 2894
970 1685
2194 2604
62 2045
360 2694
1522 2931
1181 1639
327 2238
29 2549
1228 2504
370 2842
156 1937
1278 2221
579 2724
1326 2313
856 2945
842 2558
66 1756
8 2989
1130 1712
1494 2668
1330 1653
2065 2651
1396 2459
3 2621
82 2179
151 2734
1041 2438
600 2934
1426 2884
1414 2076
363 2806
526 2670
120 2470
69 2999
901 2710
479 2095
1 2998
550 2160
2371 2502
188 2808
272 1114
106 2238
67 2858
70 2636
1958 2924
377 2148
71 1026
400 2954
182 2960
221 2951
483 830
13 2800
2008 2254
68 2988
161 1125
916 2052
1182 2066
718 1971
445 2942
835 1358
1828 2586
156 340
724 2336
112 2998
228 1803
347 2520
164 765
155 2507
170 2808
106 1690
117 1747
613 1033
456 1896
1423 2713
1390 2904
1691 2123
641 2894
281 403
95 2923
469 2493
17 2620
1834 2403
32 2872
379 595
1982 2184
185 2828
1170 1941
459 1815
1051 1872
132 461
1282 2369
72 311
954 1374
1080 2534
305 2818
1344 2423
2256 2810
1042 2739
852 1597
325 1860
683 2310
762 2251
1435 2228
195 1592
66 2861
1775 2869
491 2750
490 1572
1363 1883
643 2883
788 1196
483 1227
197 2636
181 2923
1311 2333
2300 2643
2525 2632
29 2892
481 2843
292 1831
1081 2786
2051 2547
204 2941
619 2803
341 2791
110 2907
1393 2938
125 978
1554 1806
1998 2080
192 2318
1392 2496
64 2680
2313 2430
192 704
616 1587
420 2909
383 704
593 1653
2199 2557
1049 1282
1419 2620
117 554
446 2989
34 2896
914 2827
1133 2631
1660 1963
892 2841
1003 2887
118 2881
36 2393
128 2573
65 2996
1202 1717
380 2481
187 798
1044 2308
871 2409
695 1987
5 1993
1651 2651
648 2677
268 2342
393 2975
1759 2054
1763 2870
880 1715
20 2946
1730 1810
1378 2805
1337 2306
425 2065
696 1307
1224 1367
2507 2940
273 588
139 2406
139 2237
2266 2740
356 1072
2639 2957
784 1802
642 2930
49 1735
154 2978
260 2908
463 767
86 2807
816 1637
379 2486
480 2803
1861 2348
2033 2932
987 2027
1307 1648
1353 1764
127 2844
481 1572
1760 2698
1549 2702
401 2838
1323 2757
2189 2248
652 2449
611 1490
76 2979
1104 1583
98 2830
1773 2237
152 2200
1902 2888
207 2034
179 1607
399 2874
667 2146
7 2970
318 2699
1151 1341
1338 2811
1618 2220
366 2939
727 1909
2316 2547
20 2978
95 2697
58 2876
978 1948
55 1836
339 1635
862 2602
1536 1807
514 2843
841 2965
593 819
771 1043
1087 2922
1298 2336
74 2895
448 1048
1395 1764
669 2318
957 2566
1025 2155
970 2880
64 1997
689 2996
595 1627
165 2984
1763 2248
327 2023
716 1654
60 2624
457 940
1135 2876
1645 2867
149 1073
2639 2968
1737 2433
1005 1777
350 2557
667 2162
1270 2685
86 872
1764 2795
162 2213
358 2118
1184 2699
70 2879
11 3000
859 1439
359 2416
1284 2737
53 2973
123 2812
588 2496
353 1017
620 1047
873 2638
1692 2676
1368 2604
816 2472
586 2921
946 1303
2590 2826
182 2577
599 2411
69 2569
442 2832
44 2449
125 2648
1849 2434
895 925
89 3000
1847 2934
63 2821
659 2699
239 2972
231 1706
240 2989
98 2615
1175 2360
413 1817
36 2996
486 2379
85 2183
320 2962
943 1454
572 2913
709 2600
608 2978
841 2482
1210 1488
449 2439
1070 1354
66 2991
347 2584
1240 2971
1830 2807
65 2280
1285 2942
1102 2728
205 2671
415 2236
592 2837
987 1443
254 1611
166 2938
449 1608
1576 2382
135 2026
1333 2306
170 2250
198 2974
265 2593
874 2666
2203 2425
1020 1787
282 2162
695 2763
406 2797
1581 2465
1495 2963
1202 1641
1583 2027
1414 2423
1327 2051
763 2475
455 994
1799 2929
1981 2243
1263 2503
1152 2420
189 1007
780 1340
118 1606
1516 2072
150 2879
65 796
112 2489
913 2080
188 2008
11 2944
668 1138
885 2905
1048 1578
128 246
1225 1755
28 2481
2249 2307
476 2870
1589 2127
1671 2715
1629 2701
1166 2426
153 1702
168 1603
353 2527
20 1635
1080 1355
499 2674
855 2449
2640 2692
97 2435
1083 2436
179 2359
136 2624
160 2998
1137 1992
840 2582
646 1381
1659 2357
320 2998
482 3000
434 1394
139 2751
2451 2923
2461 2523
185 2629
1807 2408
379 1808
1156 1268
816 2169
1310 2592
524 2852
120 1136
153 1401
190 2197
297 2750
152 2789
365 2047
433 2104
877 2920
378 997
214 1676
519 1573
1402 2317
1533 2252
648 945
1008 1896
330 1702
51 1698
254 919
321 2789
383 2265
47 2986
662 2337
782 2372
33 2897
79 1803
39 1626
512 2624
499 2956
124 2659
1206 2130
1906 2469
715 2032
545 1330
7 2924
424 821
1480 2921
991 2912
616 2157
1300 2213
1300 2156
260 1891
291 2920
173 1561
436 701
1000 2466
31 2642
567 2786
2072 2449
14 2228
275 2816
50 1951
1620 2596
199 2900
1167 2821
1995 2250
624 2811
416 2126
471 2812
947 2886
341 493
1367 2379
1342 2234
463 2759
1247 1463
364 566
750 1651
512 2827
1282 1455
269 2875
66 2959
331 2676
1468 2018
101 2990
756 2835
620 1351
845 2366
50 2901
1444 2446
1076 2049
1346 2878
1681 2333
313 2624
1321 2882
836 2884
601 1474
346 2792
1085 2422
733 1620
1457 1490
16 1408
257 2503
21 1091
1178 2933
1469 1730
335 2981
226 2062
1386 2102
855 1077
1399 1630
2457 2569
252 2868
622 2937
405 2838
70 2994
65 2123
105 2876
1827 2279
2113 2762
921 1870
397 2919
1128 2346
76 630
587 2082
499 1105
1453 2837
107 2945
663 2815
464 2650
2142 2912
45 2860
2640 2997
836 2164
1909 2568
214 2685
1397 2529
872 1851
1420 2346
739 2736
360 1048
56 2914
2305 2962
765 2808
1183 2297
69 832
1859 2877
76 2693
176 2019
1514 2728
347 2582
2147 2746
1842 2091
145 2737
2906 2920
30 2940
149 1723
217 552
151 2362
1435 2728
1418 2508
154 2553
2631 2632
191 1025
176 2829
367 2954
962 1403
102 2508
1509 1981
516 2461
436 2959
33 2665
5 2910
223 1723
1241 2334
284 2908
131 2912
182 368
5 2995
471 2941
1166 2542
118 2089
2 2939
746 2806
217 1216
11 2988
103 2995
1524 2492
14 791
918 1868
27 1686
77 2288
127 2605
297 2902
280 2974
155 2946
963 1334
195 2911
2049 2976
650 1141
251 2058
584 2902
619 778
232 2693
2046 2868
314 1653
253 2466
725 2276
1164 1914
310 2488
1770 2577
180 2498
228 1481
101 2919
1102 1623
54 2495
1169 2638
1536 2333
443 1888
122 1852
918 2533
2132 2848
53 2967
788 2075
88 2670
47 2971
910 2992
753 2676
652 2940
116 2079
1362 2505
1079 2133
482 2715
933 2277
160 2676
1549 2468
48 2357
1470 2363
176 2354
547 1973
443 1581
457 1870
703 2101
1790 2770
181 2993
121 194
2200 2266
2104 2989
1803 2890
1 2974
319 2786
24 2997
61 2255
157 1623
2372 2518
60 2841
40 1172
1437 2118
414 2084
2357 2610
1385 1569
386 1657
19 2984
281 894
2173 2853
48 2527
343 2396
1318 1723
441 1151
18 2913
125 2974
110 1044
1883 2424
699 748
212 1986
1687 1740
445 2829
2227 2346
839 2708
1393 1594
274 2975
1613 2749
331 1818
56 2095
733 980
49 2898
412 1025
1747 2932
950 1455
44 1695
565 2884
422 2488
95 989
436 536
2964 2994
799 2617
1678 2171
527 1622
633 2773
281 2281
206 2871
608 2586
2396 2543
1031 2560
576 2773
112 2623
27 790
493 2655
399 2238
605 2818
685 1376
79 2649
759 1739
979 1965
1105 2408
133 212
632 2638
1083 1212
323 1024
834 2463
297 2988
1883 2805
600 2933
3 2873
2439 2704
382 1990
257 2709
684 2686
43 1516
1990 2781
110 2404
244 1833
504 2521
242 2208
1430 1595
877 1194
364 2540
174 2995
55 331
1355 2603
1979 2044
140 2779
1162 1173
16 2976
1800 1987
37 2905
229 2905
410 2868
34 2992
424 1515
1657 2237
1330 1401
1078 2610
844 2427
1235 2185
85 2983
339 1642
1763 2660
92 2961
1393 1882
711 2996
240 2988
126 1720
273 1600
677 2897
