99 100
162398423 390557831 1448840 559895068 910660223 952792806 144838409 844814937 234615059 402384459 418820418 668610188 291572555 985554758 779896807 845193661 804427018 921829926 556064221 559583436 818423056 209963560 891857895 273828716 985450395 130780095 375016363 237086045 561989276 193605181 29373848 112206606 323484925 665797663 320394676 199089518 55903464 737700239 272931939 479804683 554790610 26459376 221087246 678162669 257404538 137976287 322547871 702832269 899631653 567928758 82180756 53514256 122794664 113340887 962558663 529551906 291771603 581876258 891470695 977829450 964390010 587326001 152827077 485204250 531613606 267198177 965927229 143760781 788840612 892296979 141741880 307697867 162483585 360078125 490740964 794020073 588351015 282098791 261006303 965469346 473170176 8055229 75322111 278341480 837755824 504526374 804032463 900685456 238593942 192511652 909235966 661311592 794680558 820341451 936092801 604842902 600827734 75707743 304913371
1 11 64
1 54 67
1 67 92
2 11 86 -10209
2 1 8 -9513
2 13 28 15774
2 3 60 -13848
1 60 73
1 20 80
1 15 92
2 32 69 3165
1 37 71
1 8 64
1 7 76
2 28 56 -9770
1 10 76
1 12 70
2 57 92 -14056
2 2 24 -6978
2 44 98 6060
1 61 61
2 52 58 -3762
2 32 77 3393
2 22 46 16860
2 42 51 -15676
1 87 95
2 11 34 -227
2 34 78 13375
1 28 58
1 87 88
1 71 91
1 47 48
2 13 89 13718
2 46 85 8555
2 40 92 7692
2 11 65 -5859
2 7 87 -8243
1 29 48
2 52 83 -5998
2 17 23 -13221
1 7 33
1 7 52
2 3 39 -5085
2 57 66 -782
2 14 27 -11945
2 9 12 -6997
1 23 64
1 34 46
2 7 89 12799
2 7 74 -11889
1 76 94
2 6 95 9684
2 1 90 15596
2 25 52 -2161
1 40 71
2 32 43 7331
1 38 83
1 9 64
1 24 39
2 41 87 -2978
1 80 91
2 21 33 -3781
1 32 36
1 8 99
2 16 37 12522
1 70 98
2 1 1 -2871
2 3 65 -15246
2 6 58 8462
2 25 98 -17213
1 42 64
2 41 72 -2668
1 17 73
2 21 68 -12035
1 3 72
2 69 72 -595
2 26 98 -1130
2 62 80 7605
2 15 30 7834
2 43 55 -13577
1 15 15
2 47 57 17329
2 2 40 3711
2 48 64 8895
2 17 63 -13375
1 28 34
1 62 70
2 48 84 -10156
1 18 37
1 8 64
1 56 83
2 69 88 9012
2 16 51 2883
1 15 37
1 23 53
1 4 52
2 51 76 12632
2 34 55 16410
1 18 92
2 14 18 -3264
