4998
4685 4443
2838 3361
4558 4923
4319 1943
3179 1294
1331 1946
304 4589
1556 3858
3028 1758
1115 1979
3980 4458
620 2257
3410 1960
3360 3568
4850 3507
2673 4072
124 2695
3456 4558
2397 3132
1381 3289
36 1154
1151 2057
3947 3252
3374 2245
206 2024
988 3634
1916 3109
3944 539
4474 4415
4579 2300
830 2177
3495 3080
3295 2626
1480 1529
2054 2184
1031 1848
986 4104
4220 558
4897 1046
4775 4038
3492 872
1127 219
1480 3807
1772 4731
4392 2393
1398 1716
1917 1460
4467 895
457 4586
179 4673
3876 4362
2648 1095
214 1850
2435 474
1929 32
2326 2007
2518 1458
1112 4506
351 3832
2979 2246
1595 997
1238 4324
1338 3218
2800 766
546 2623
4077 2127
2752 3511
3252 1886
4354 1409
1627 2286
1421 2868
2926 696
213 3344
2224 2835
4620 2343
2596 2952
2980 544
4109 3126
3728 2646
2258 2667
532 57
2032 1459
1123 2633
2721 3115
3862 824
2579 277
4752 295
4322 4
3453 1155
3562 1789
4842 159
554 849
2906 1332
3586 3417
1823 3834
566 1959
2329 2387
2157 4456
3345 3767
1534 1402
4720 4703
4908 4244
1383 1871
666 3684
4976 2311
4418 2123
2227 1205
2621 3146
4441 4356
3889 4238
984 1840
2960 4712
153 4125
2411 102
1019 3176
1129 973
2092 2686
3271 2018
3601 4869
2157 4954
638 2925
1729 3611
3320 1841
3409 1205
622 2961
1155 2521
2593 3684
4098 917
3854 4858
2091 223
2600 2776
1681 269
2924 1472
3298 451
1268 4563
2794 4336
1564 1974
4472 2602
2137 2668
2928 2476
2592 2840
4552 1644
3428 3418
2661 1327
780 527
25 2641
4583 743
2505 987
3075 4360
3518 877
1454 3916
386 2014
4209 715
2554 2196
68 4671
4389 4805
325 4666
3970 3987
4200 1303
465 1211
2828 1589
3463 3329
351 1530
2026 672
3218 744
2631 3379
1875 4128
4817 2642
3035 1170
4370 4820
918 4980
4912 2156
1570 2150
2796 1271
3081 627
1992 2298
2654 300
4487 1038
4577 3068
4715 388
2514 4819
828 4647
1089 4205
4980 540
2626 4848
390 1872
1564 1274
2563 4786
2158 3799
1025 2121
835 4186
1017 3382
521 279
1529 2143
1508 4279
1098 4677
827 1511
2466 431
4764 1641
1463 671
4028 2790
1965 3450
4396 162
2884 4222
1394 1705
3323 3329
1290 4990
1696 721
4032 1656
3055 2279
1921 782
2195 4838
857 2331
2777 3563
1618 4304
3084 824
555 3453
4883 2153
2832 4287
248 3448
2322 443
2818 1923
3299 1311
4300 1264
1905 1234
3292 434
2786 3012
3273 2202
4195 3591
3128 4490
1001 4679
1553 3002
4498 924
110 810
4921 1355
4318 690
1777 4003
3214 4688
4887 3871
2283 725
2615 1192
1080 800
1972 1773
4815 2886
4051 2583
4935 4351
1785 1148
35 4350
813 4678
4776 1251
3220 2842
3302 1806
4169 902
1538 2324
4493 4679
2499 2714
2418 1120
4320 656
4874 4650
2442 1043
287 4261
2118 2027
2955 2302
4397 4305
2884 501
4078 2757
2629 675
3983 3467
4607 188
3016 825
3636 1916
1765 2710
691 2034
2948 2284
4534 55
3746 1124
2637 4777
4869 2682
1000 2210
4625 4608
3188 4739
448 3451
1666 4136
4160 72
966 3163
2107 2801
2266 1803
3671 673
3681 4047
3516 3821
3840 125
1494 4646
1692 1027
239 2051
2997 225
2762 4991
303 404
101 4044
2246 3498
4793 3792
438 4725
4132 2727
804 878
116 945
4440 1404
3771 2963
1251 1913
2853 1726
1680 2728
192 497
652 313
328 4617
3337 443
3660 4471
3655 373
563 813
2318 1666
940 3461
3877 2717
4058 3744
1771 1941
301 4615
4770 2235
1828 1709
3409 3477
3208 729
823 1015
343 4596
834 1860
2617 2755
917 4776
1799 3177
1094 4375
3695 2447
1001 271
1059 2106
3593 4259
3630 2176
1241 1321
3087 587
1527 3830
392 3237
1800 4655
758 44
4184 4171
1404 2544
4986 3351
685 4254
3647 2494
1699 2354
123 3315
3912 2546
4168 1091
1294 9
1984 749
2363 3182
604 2533
398 2975
3799 1548
2592 4005
4372 4567
741 1441
1314 3025
4646 610
4649 2007
157 4840
3982 3255
1388 4360
4172 488
3138 442
4638 4987
4647 637
2736 100
1484 4561
4916 2126
2888 3790
4458 2329
2041 3064
4117 2108
10 2936
3599 810
3899 3264
4793 1182
3832 4154
4598 4508
4716 4827
1383 583
1786 4886
3062 3721
3145 2098
1988 1139
712 228
87 2675
331 511
490 4236
3143 1956
1183 4848
3984 1863
3866 1686
2203 3327
1862 3742
4164 3646
2573 1198
4841 3378
2367 843
2795 3638
954 3674
2027 3853
1871 536
4314 1210
4976 2415
872 1893
4737 2074
2690 2359
4442 1360
1785 2644
3692 3760
218 458
1459 3482
4268 4158
4693 4076
3292 3294
869 3309
290 4862
2856 1451
1937 752
1361 2559
698 4446
2473 3695
654 4100
4532 1341
875 1269
230 3618
738 4538
333 3672
1231 2485
404 1604
4428 3968
4582 4231
548 4236
1532 4166
170 1999
2342 3369
4148 4596
1092 1636
4547 4419
2045 3802
2341 5
4893 2948
4711 4486
2033 1898
2813 2643
1819 1397
694 4546
2521 1372
110 1519
2549 822
1393 2572
1643 2314
1949 3011
4708 2026
4706 203
2392 4187
2562 4946
2536 4150
4157 4582
1888 4435
4986 4600
1057 1812
4635 1473
1156 3888
3843 2320
436 4231
3034 520
3282 204
4345 1420
607 4296
2314 1090
3828 1309
2930 2784
4916 2346
1670 1395
79 4099
304 1469
1483 4561
443 4604
4232 2778
187 1849
3887 2094
4412 1547
1662 2694
2751 664
1463 737
733 655
693 2253
2292 809
4982 3864
65 4393
3992 3763
4910 1057
3840 3285
2773 2957
2757 4894
1253 4305
2404 1675
687 3171
4666 2406
1275 341
2207 4848
1721 1377
955 3381
4986 4564
47 2257
3396 3546
2565 2704
552 2252
706 4437
13 3696
877 2623
1001 1743
296 2975
957 4417
1415 4860
4594 1930
842 3474
3687 3039
1431 4908
1477 3217
704 2615
4554 1809
1055 1148
455 3231
742 3054
4202 1381
1804 4034
1303 738
4787 837
851 3872
4513 3575
4176 1207
1468 1209
4622 3270
4757 4649
2072 4937
1269 2436
1609 1345
2505 1331
2756 3362
4378 4558
3701 2567
1136 3847
2922 4304
2708 70
4953 2952
4089 402
4539 2865
1847 3910
47 887
4497 179
4058 2168
863 1814
4942 317
3721 2598
3097 3243
4907 1450
3880 2669
2787 1315
1499 657
3931 2561
4016 4018
4610 2658
646 4926
3155 1871
1462 632
917 503
861 1963
3399 1674
4849 4504
4668 1333
3296 3279
362 2253
1462 89
3363 2696
497 2934
754 5
2028 3776
226 73
1643 1610
4963 3644
2725 4629
3087 3262
3348 465
3994 301
4244 473
3990 4131
1767 1127
441 1296
3773 4622
1459 4541
2375 202
1921 2102
1157 4551
1896 3298
932 12
1700 4308
2983 1464
1343 1173
3771 970
2080 1319
2108 1467
3150 1835
102 1628
393 4346
1777 3269
3621 2065
2164 3315
275 3001
1423 815
4261 602
3132 2183
91 1326
1749 4388
2588 2232
1439 3951
4690 1333
3866 3993
383 63
2324 3934
4696 858
4767 1373
1875 1884
3307 3626
704 134
1019 1506
2904 4117
4967 4170
2219 2187
1747 445
1761 746
2565 4322
4511 3485
3255 178
1165 4662
3785 2257
558 3099
4994 2659
1136 3763
2224 3689
3818 382
3836 1172
1448 1647
497 1999
4581 3383
4021 1620
423 4449
3293 915
313 2679
4708 1318
4072 662
2908 113
830 4031
2081 1437
1142 1450
905 1040
2207 1722
4261 4044
4941 3741
2127 2662
4784 3329
3087 420
4177 1729
1194 3089
1934 847
2181 2991
4105 1730
1589 1100
2405 390
3700 325
1001 179
1066 3473
2454 90
70 492
2688 3227
2373 601
1948 3536
4283 2936
148 3582
452 530
1088 4533
1339 3456
3960 2630
2733 741
511 3
3775 810
500 2045
746 2403
1118 2602
414 3619
1785 2606
471 940
4002 4968
2200 1712
2373 3738
4566 2911
4183 2701
2326 686
4143 4586
3595 3388
4528 493
2049 3380
968 3614
786 1719
2428 1559
2394 2298
2666 524
2475 4787
3029 2793
3925 3816
1134 169
4469 680
2689 208
3981 2504
4655 2296
4741 423
1774 1354
1293 4174
2031 578
3004 2610
550 4714
1527 2238
1252 619
2977 4062
569 3663
4947 2459
1825 4339
2220 1750
408 2817
4706 156
4881 978
3934 2490
188 1467
2209 2902
1575 2755
4743 3529
3260 603
4286 2939
1708 2758
2707 3969
3272 4591
720 2356
1759 3634
2217 4535
1884 1081
3708 3050
2621 2505
4809 2343
4971 2957
3313 4189
3218 4104
2166 1128
205 2332
3974 2751
1690 2090
1707 996
3055 4488
1005 627
4662 2006
237 661
4455 986
1052 783
3130 3509
581 4460
3703 3851
2014 4331
598 3485
1896 3042
1892 4970
1079 2816
237 533
1164 2800
2992 4687
2530 4874
3588 4202
35 4118
3090 3051
1669 4330
3299 3818
2200 666
3825 205
260 1446
427 2386
4558 2794
3603 3230
4850 3265
1888 4987
3874 1714
857 4338
1463 3557
3014 3224
231 56
2314 1759
4072 4105
3000 4132
707 4695
2650 2830
207 3087
1011 2025
1745 3973
3543 3073
783 4058
1420 1019
4347 379
4733 786
1385 2646
584 10
1667 659
934 1851
149 3922
879 1645
1403 235
1970 370
4468 2615
2124 3675
2702 4137
270 4621
3470 4722
3715 688
1130 1697
4756 668
3772 827
3165 354
2351 49
3971 718
2695 286
2372 2661
3180 486
1769 42
3381 2627
1396 1988
223 2163
329 871
3734 1389
661 3149
3749 4803
2204 752
2083 4329
3715 4083
4180 2945
370 2450
1560 1064
269 1273
642 3369
4787 2400
2892 3221
1994 1262
2956 913
4534 3474
4625 4897
153 332
2331 3577
2934 1320
1025 1356
2348 2096
1132 4125
2390 2118
1317 1671
646 709
2649 4278
102 648
2097 3291
3931 4036
2268 1472
2336 12
4582 2209
4611 455
2811 2822
4565 2307
3205 467
2275 501
1652 2202
3212 4915
564 4608
1058 967
4931 292
3441 3176
3111 1248
3838 4865
2985 70
138 4970
822 3890
1823 3049
4344 3165
443 2368
4345 4556
3579 3086
2707 2104
4322 3888
2974 1980
4698 3221
3324 3676
1776 4317
1605 234
2417 3083
1154 2237
4646 2800
757 2002
746 587
4017 4100
4805 3176
3418 3382
4820 3357
2936 4212
2756 4738
1246 3905
4175 3627
3608 2051
4459 125
1302 4472
1951 4463
1666 2850
3069 4619
4087 752
4768 3190
1552 4554
1099 1460
1872 559
1394 333
2237 4426
4874 4976
2503 381
1104 3922
835 3531
1200 94
3808 898
732 1642
3221 1963
3079 3755
3232 2507
676 4504
4084 449
985 3895
2191 460
1405 911
1390 2919
2092 673
3900 390
4300 4236
4884 2324
4993 4517
4939 2409
1459 570
3093 737
4000 1822
3385 1
2222 4070
747 1789
2766 384
2921 599
2662 3841
3039 2312
2236 834
1215 4209
2314 4163
358 4683
671 1844
2588 483
2811 1251
1197 3622
2277 2023
3526 1711
3374 3670
58 358
223 3923
4577 1531
3256 2940
3721 4755
2720 2329
3352 547
2801 3670
4 1095
1790 2262
2885 644
730 584
424 2187
3998 3814
297 2100
739 84
3817 4896
1171 2864
1793 4386
3523 708
3785 3654
3110 4754
340 444
4641 3307
964 4582
2085 3758
1561 2790
2876 3195
3399 2928
3617 2937
1063 3249
3232 4669
16 1404
2785 4944
2116 2644
4000 1225
3238 2952
665 3596
2031 3528
771 1737
4753 2964
2948 2420
3256 325
1740 4652
4388 2501
4406 2989
462 2014
3765 942
1045 742
2687 474
2871 1585
3062 1205
3622 1888
4877 4162
3131 963
3544 4258
4645 3517
4848 15
1155 2141
1218 927
2331 502
4601 305
928 756
1242 4877
2193 4445
1152 2087
3769 4194
2811 3669
4051 3549
1376 3132
3178 2935
3654 1831
2299 3822
3918 2344
712 1161
346 161
1253 4936
981 3186
581 4920
2206 3261
17 934
2460 4088
4665 1485
2290 123
3121 4414
3980 4734
197 1788
1369 1150
3836 4810
2089 3234
2311 2962
774 4934
1996 4210
2733 3478
2673 1044
4950 4144
306 2174
786 3382
1323 3898
2789 4588
2543 2553
1 31
853 2899
2282 4751
4206 1654
1109 3912
2381 599
4993 1668
3056 2248
1954 3808
3273 1097
2131 2965
3683 3502
4138 3714
4293 48
3437 107
3445 1259
3559 2982
2023 4000
634 1625
2505 1322
1571 279
661 2895
444 17
2425 4300
4776 3276
1637 4298
2287 3292
3766 904
2369 2280
4824 3312
4021 1776
1522 4921
4735 3366
2703 3332
840 4587
4920 3291
853 3246
1001 2618
2508 4180
3699 2826
3500 763
815 88
387 1742
907 1236
4552 4739
1396 4578
3736 3880
3488 1918
2231 3502
3596 2378
4176 2537
2855 1602
3463 3785
4725 1919
1134 515
61 4906
1010 4273
4927 3402
3245 620
1606 4902
1044 2226
2139 913
4529 3464
1892 413
775 4679
4507 4000
2412 160
4889 2227
3007 3483
521 1657
3059 979
1381 1845
418 1842
1128 3420
4692 3890
2782 3467
1169 4451
3875 4958
3019 439
2507 2367
1335 150
1401 100
3708 592
1717 3084
3962 83
4156 1943
4198 3711
1541 2738
4338 411
2862 3030
4663 4778
4693 2395
1563 3074
3485 3493
2512 2941
2905 3536
4374 4814
3696 4955
341 1442
2187 1899
4695 1262
3621 158
1274 2678
3708 3978
4929 3909
3715 2790
4487 4603
1030 3298
3922 26
4443 252
3908 4308
3381 636
3766 62
813 4165
412 4562
3565 4687
2981 2688
2113 1308
985 2890
1437 253
2307 3395
2252 159
799 4645
1503 3855
2707 4920
123 4643
1161 1513
4802 1477
375 4359
2722 2794
3301 201
202 3386
3438 113
524 2762
1142 3150
3635 2230
2191 2644
2239 3418
1594 4190
4725 2042
4818 420
4437 2208
41 4587
790 2171
801 3800
1155 4249
824 3204
1059 1863
1544 2879
3990 2591
3580 3538
293 472
1741 4452
3601 43
902 862
826 4757
1893 98
1664 3311
392 4494
4830 565
2122 1888
4313 1724
1053 1210
871 310
4125 2086
2682 1145
1497 4535
671 920
4439 421
1978 4104
225 2612
1415 4400
1174 2932
2955 1874
4912 1109
2768 450
1120 2742
391 3313
641 2348
202 1170
1369 4830
1411 1326
2199 4327
1615 1795
3358 4020
1429 1689
3353 2810
3872 2328
2459 270
2026 806
4860 1428
3074 4008
3464 2111
188 2557
4445 3358
1057 4485
1786 1277
3100 4231
3931 630
789 2119
820 150
404 4289
448 3978
598 4054
4934 2049
4305 3950
2984 4034
708 1091
551 860
4690 3861
4348 1185
3240 2745
1137 374
3483 3407
261 2200
3852 1087
3530 4244
2330 2386
908 648
2957 1499
4405 2153
4826 1834
990 3854
1933 3291
1935 2119
1274 4426
4291 2172
4276 651
1087 2431
999 3799
2677 2245
723 4596
1406 3564
4491 1258
818 4542
4056 3081
3765 3848
4679 765
338 102
281 2619
3185 3023
3391 4877
3599 3901
4383 244
357 891
4338 1560
2389 4747
2976 1157
1031 132
433 2717
1773 4464
4553 221
2229 2219
4867 788
3471 2975
3600 2374
2970 3218
2136 4813
399 1923
4316 929
4648 3614
1204 2704
2884 220
249 1562
448 3551
2099 371
3561 1203
1875 2126
2625 2831
4871 2742
2225 2631
542 2712
1915 3988
1658 217
2257 4833
359 251
3857 2508
3937 4498
22 4684
3731 234
2738 4527
3667 2000
2814 1939
2362 3220
4390 454
2122 77
4888 871
2781 967
4579 1272
4788 3162
1142 3613
3055 2886
2569 4998
3750 1205
4489 4919
1949 4976
3461 1128
2334 500
338 1414
3963 4952
1250 1281
1682 1045
4308 440
1023 4763
4385 666
4082 1304
4505 3925
1029 2309
379 4920
1582 400
186 4104
1678 767
4965 2047
1988 1971
2579 1312
3105 1260
3509 3045
4106 1250
125 1551
4617 4576
4183 793
2650 2806
4183 4111
1488 3119
82 230
1254 3666
3086 3946
582 2399
4098 3183
293 522
2041 3331
2445 138
4356 2374
3195 3762
2628 2569
762 2716
2586 1877
4440 3506
2503 3375
2650 3633
2573 3785
4450 170
4543 4963
4667 4431
2114 2274
4705 4722
4975 4534
2069 3559
1986 549
162 2068
567 4585
919 279
1957 1503
3662 12
1155 3301
3101 2468
143 825
4282 587
4897 2105
2026 1344
885 2221
4711 2310
2794 2522
1190 4034
973 2384
1068 2355
2710 4194
2151 4079
2150 3866
874 235
4160 2621
4264 2131
3281 3654
413 1270
3599 1241
1251 4773
1243 2297
3207 2580
3474 211
1197 700
1193 2552
130 1542
2746 583
3389 2236
3605 3376
788 3219
4954 465
148 3487
4072 1126
3776 3038
2486 731
4915 1445
3392 604
973 26
2569 1937
4161 2693
19 4759
3710 1537
2191 1073
4558 79
3537 1394
1299 1169
186 3827
3412 1958
3237 1068
4487 1571
4243 4139
1780 3383
4080 995
2827 4191
1283 2027
3206 1475
902 3852
3460 4109
3095 4682
264 2561
3982 1413
4682 1851
3767 403
4778 3170
3215 3243
1365 2270
1633 4214
368 4479
4599 797
188 1642
965 4700
1698 1604
624 811
2205 1371
2735 2403
4213 3396
769 2798
2927 3224
2416 2372
2396 250
3548 1024
1082 4937
3129 2210
4700 3224
68 4268
1679 833
130 1822
1563 1263
1859 1397
4117 2496
3906 1920
585 4547
2763 2875
42 1824
3644 1611
279 4071
2125 4870
3651 3623
1481 4959
3637 4384
697 4094
3708 273
3869 1931
2402 3884
2680 4643
2681 4509
3539 4375
1395 1149
733 1579
3762 589
3086 1383
2766 1878
4534 4
374 22
4162 3034
1893 3277
3429 1150
3913 2693
2709 1861
3698 2057
1456 4642
1416 4671
3326 1211
3263 932
769 719
660 3455
2884 1498
2304 482
3118 1770
2981 3034
3114 3656
2431 1418
122 3119
1634 4958
4115 4834
2893 669
1913 4152
1972 3169
225 3867
3616 182
480 2018
1583 3998
3664 4320
888 2594
742 4247
3203 2162
4339 4645
2457 1567
3315 4483
2887 417
1337 810
882 4714
1632 318
2949 1306
4550 1591
328 813
4095 3980
3755 3510
2896 4125
4996 4087
4498 323
497 1925
736 1679
3590 4051
279 2077
2092 2189
4925 1993
4151 977
1136 2650
1230 4165
594 327
683 186
2714 4265
2567 2324
4665 1708
4206 4794
479 4537
2007 913
2331 1789
3145 1986
1346 1468
1718 3007
4319 2034
4284 801
3548 3818
1040 1256
4354 2976
2576 2398
1910 4895
245 2129
1425 947
4580 4404
3915 4523
3226 1988
829 1745
2458 3437
3567 3501
2363 4920
276 3320
2 653
3206 2380
14 2884
2410 4005
2911 3824
612 3488
389 3418
3068 39
3836 1066
2058 828
3981 3401
2173 3928
1695 3320
1280 3144
682 917
4072 4818
4211 69
2742 722
1851 4002
975 505
943 333
2516 3490
1711 2489
4859 2748
4066 2275
2301 4555
2283 2731
2271 940
2226 3878
861 4633
567 3797
2339 234
4525 3200
2470 3331
3434 3997
1082 406
2506 1580
3743 876
2206 4076
4074 1646
1875 4791
3046 2361
646 241
1511 915
160 1493
2705 632
1259 639
3796 2730
2452 2235
1625 1325
2101 2161
2529 3640
3712 2603
3262 202
2230 2790
2818 2409
3146 1929
1165 2699
4243 2074
3013 3336
1802 3023
4522 564
655 3128
3554 730
2642 2187
795 550
973 288
716 1716
3785 4658
3359 4672
4826 1297
993 3377
3535 2841
4530 4557
1862 2943
4665 715
234 83
2705 4245
45 3888
1795 3510
4176 3166
1009 1114
539 3390
786 1189
2925 2825
3488 4799
3945 3259
432 1261
2633 3567
1316 701
4157 720
281 320
1858 3062
4151 1596
2108 2870
315 705
2420 1546
2342 3867
2773 2693
2552 411
1221 4784
4021 4879
3082 3234
4743 4922
4951 798
4194 3293
1201 1551
2563 1791
1905 3785
1222 4119
3070 3031
1899 2741
313 2972
4585 422
567 3682
392 4225
2270 2752
2542 468
4403 3266
855 817
3760 2091
2250 4073
2241 3706
1379 230
1055 2446
1853 3612
776 2328
4961 1109
2472 2601
3723 1137
553 2429
1450 2012
1837 2671
1330 1941
1462 3998
4014 625
4801 3873
2483 3841
2318 2582
684 1786
2087 3400
3228 3246
3910 4424
3777 4232
1060 3564
174 1767
619 4829
3751 672
4127 3299
4615 3044
3039 1833
4759 4878
1603 1037
4373 2983
2360 3559
28 3342
625 2231
327 3235
3077 4179
671 92
1638 27
4261 1042
2597 3645
122 4806
2743 1896
4281 4218
2804 577
3933 543
1913 4004
3835 288
495 2537
4390 3503
1041 4243
196 2779
504 313
2990 2769
4048 2944
197 3200
4379 518
1867 588
3880 1415
4561 1060
2152 2594
2998 3153
4280 3902
1183 1843
4863 4480
763 4549
3422 3394
2848 3862
2257 3362
553 4859
1839 4391
2878 4062
2520 2284
4442 3387
2463 4474
4393 596
231 2436
704 749
1502 4471
2036 2078
1069 893
3939 3893
3479 1125
3861 3017
711 2192
892 846
998 1259
3874 702
1209 3403
2194 4407
2600 4173
3147 676
430 568
146 2182
4151 1865
1744 3175
335 4762
2766 121
3741 3385
2767 710
1785 2092
3109 2868
2866 1389
123 2840
1782 4117
2583 2976
4193 396
2371 3886
1335 4385
190 2733
1562 2112
113 1319
4318 2172
3488 89
1551 3911
2710 2956
4325 3514
206 557
1184 3617
2530 1294
3195 3996
1731 2004
649 3421
39 1479
761 532
171 896
4140 1833
932 4364
39 821
4008 4049
126 3067
2461 1114
4311 301
4075 116
4256 3791
3504 1175
1550 1358
1239 416
4828 1366
4236 2481
4158 4664
3037 1789
97 2102
2574 3612
15 807
4040 3241
2679 525
4383 4244
3975 1203
4176 2913
1019 2718
3974 3442
7 4574
2933 1685
928 4295
760 392
3297 4179
381 1198
1096 324
237 2282
4060 2368
2728 738
1473 2584
2601 48
1810 2363
4433 2399
3405 1351
450 2795
3967 2042
578 2449
3377 2149
3262 4085
2559 3912
366 4701
343 4989
2261 1181
4632 3955
3333 1643
1675 3200
3346 4775
3904 1558
138 3193
902 4447
26 4553
3683 68
469 96
2829 1570
964 4790
125 928
4470 4094
4633 2260
1756 4010
4222 2079
981 96
3656 1987
772 954
4453 1467
2424 768
2857 1171
325 2811
356 1909
4142 2903
2710 4747
4783 2511
2929 3093
1430 2091
4595 4608
4169 3196
4299 4534
2716 3867
876 2913
3112 2457
1857 4097
2352 2812
4500 1206
3302 661
933 2502
225 3616
446 3795
1556 4726
1673 1650
2112 1817
500 2634
1241 148
4423 122
4136 4789
2696 4500
3131 292
2664 1983
4185 3090
60 2103
983 4364
2094 1876
2343 2290
1680 1747
4376 1780
1467 2440
1563 2414
4300 4786
386 4043
3185 4542
4094 4345
2565 2205
1393 3067
1968 819
3475 2056
1170 779
92 3413
1920 3406
2007 2535
778 2400
3176 3021
3472 971
1004 3665
1914 4585
4899 2582
4535 2550
3511 2426
3287 649
2387 2451
1714 2594
932 3118
3951 1182
588 4691
3982 787
769 3681
687 2717
1035 3365
3014 2587
1199 3939
385 4875
916 4256
715 1739
2887 4298
432 3015
2945 1410
2712 354
3546 2878
646 3679
4798 4122
2837 1830
330 4749
1450 2192
841 3732
3137 1959
305 1407
4498 844
4847 4669
2247 3459
4280 3896
4231 4493
2571 2601
474 3282
1159 4755
1914 2764
2233 1772
1253 4753
3929 3866
2020 1715
989 4408
959 4744
2002 3693
1798 85
2422 2315
2967 2279
804 4219
2509 91
3776 24
1654 3658
2074 156
4901 1631
4339 2474
589 2793
3287 154
4697 3938
586 2544
335 2188
1578 169
2473 463
2808 2281
1860 141
2325 123
4595 4861
2187 30
703 2037
818 316
1289 4633
1527 4900
994 761
4707 3557
3059 1247
4586 2794
1581 2586
4167 4107
3167 1887
1928 1261
4408 3986
3948 1172
1034 159
3247 2682
2741 3335
4914 2500
247 1500
1703 3525
1279 3732
1444 305
3454 1666
3330 4022
4550 376
1272 4685
2382 1699
4951 973
2659 3851
935 295
2886 3534
3973 195
803 1865
4187 1680
606 3804
232 1701
3136 4766
1585 3461
4750 1613
2397 2653
3406 3648
144 3086
2160 3681
3936 1499
1043 2624
4874 2067
2162 1780
3338 1928
4974 655
3348 2135
3224 3334
4778 835
2541 392
2669 2512
1864 3411
4356 3157
3253 669
1044 3272
661 1031
2475 3690
1624 1113
4085 4568
3624 3139
2889 2458
4637 2793
1464 587
648 1018
4643 338
2173 3651
1847 3546
3576 2966
3156 37
1571 1120
2499 2135
2608 3883
645 3902
4575 2386
4803 3144
886 4513
4846 3384
2029 4593
1666 3856
1846 4173
594 2053
2519 3322
627 2659
2066 2236
950 3880
3799 3314
3493 2191
2383 1238
4625 1053
3505 1571
1216 2230
3438 1764
4493 1244
279 1597
2074 4510
3534 4717
1540 106
3131 3883
527 924
1787 752
815 3006
355 1339
3387 3907
190 4302
861 537
2297 4970
3836 246
3216 1991
2188 2335
1638 1980
1690 2144
2568 3004
1306 2259
1694 658
3675 4438
2186 481
626 658
3879 1144
4274 4347
2074 3499
3224 4503
2815 3315
365 4047
106 1623
810 4502
694 1027
1981 3917
1799 1306
3003 2335
2956 1440
2916 4636
240 3299
3254 1889
1711 4859
3884 281
2701 3252
4162 2988
3426 4706
4323 4309
3641 898
3198 1597
3148 3986
2321 4510
2759 1268
898 3354
3950 3242
3969 4208
1729 3794
2112 1282
4675 411
3676 1353
3951 723
1305 1728
4063 3733
2650 2874
4476 279
299 511
55 3569
1308 213
1740 3721
169 589
258 2030
3273 59
4618 4880
4356 4240
2575 1588
620 3317
2386 4499
1713 4237
1496 4553
3137 3555
3788 2325
2033 4781
4534 2493
4635 2723
2475 2824
4183 2818
394 1351
217 1756
3929 2817
3657 1464
742 1374
3649 4142
4902 4552
2179 349
4360 442
901 41
1100 2738
2492 2087
4475 1562
3458 1301
4534 4561
4419 1138
41 1047
4831 1115
2980 909
4305 2269
1101 4019
2060 4393
3556 2140
4890 3084
4006 3365
941 2368
3353 4103
2122 4552
4141 819
4175 1367
1495 2628
2131 139
2731 1629
28 4510
3991 2294
4267 2907
3109 3207
3422 4735
4916 3939
4207 4480
57 1404
2306 719
1034 3700
354 1061
4593 2639
713 2252
2362 185
4051 1854
3019 4184
2531 1565
3631 483
1805 1001
4927 2724
717 1716
3352 1905
982 2420
3697 1959
2641 4127
1315 961
151 3388
1386 2268
1016 347
1817 2309
1014 4339
3477 628
1098 2016
498 3842
1491 20
4107 1601
1639 3471
485 1396
2788 631
1152 3502
3926 4939
746 2944
3990 4712
76 384
3583 3637
2049 2218
2434 4492
1191 711
1536 672
3399 3860
145 1004
4761 4165
164 3664
2589 3300
4180 2722
3201 2438
218 4897
1896 1395
813 3876
3418 348
632 4041
3573 2869
3850 4416
205 1334
1737 202
4998 57
2420 4694
2782 4306
401 2508
483 1800
4973 3019
3802 3805
51 1707
34 4972
1274 769
3432 1072
281 661
1040 4693
1745 147
4072 2181
2233 1891
2732 3691
2221 2035
3567 4765
3601 1947
2789 1021
4886 880
3325 4024
1753 4818
4698 3735
1980 4375
4462 2525
4874 3809
1888 2879
3753 262
1517 3039
2439 1377
526 3631
3886 3885
198 2310
1590 499
1576 644
2765 1536
1310 4076
1152 4023
1166 2550
1053 4665
62 640
119 142
4526 4920
1025 2887
4121 4446
3614 4246
3966 4928
2845 1046
3451 2345
2408 4837
2695 1957
2485 4192
4188 3900
941 3740
4377 2585
4466 270
1067 1704
2456 3480
2046 2423
4119 3701
3571 979
770 893
4853 2209
1264 3956
1196 3185
587 4029
4960 4048
4757 3584
2327 2627
261 2601
1561 4852
1257 1707
2997 1573
1155 247
852 992
1044 1301
1258 3754
1679 2616
2763 4872
4062 475
4307 223
2421 805
4530 4455
3622 4081
283 3621
3091 4434
1850 4801
4785 2139
2347 4835
1751 4781
470 3958
2333 3293
991 3950
2217 782
123 375
1755 362
158 2294
3630 1377
2664 2710
33 1998
4957 2407
2661 1417
52 4809
4684 2391
2436 2086
1624 2291
3490 209
2871 4342
4484 951
755 691
2377 192
2728 4108
4531 32
2669 2075
1418 1141
4811 2145
4319 262
3469 2223
4821 4227
3444 3298
4301 2510
2308 643
3297 1569
3812 2560
3896 1135
4270 901
3788 2376
2792 3910
4012 2833
3808 593
2171 415
2286 3005
1481 2900
3124 4730
160 2180
3340 4576
618 3739
202 2965
91 4670
1341 426
3774 3199
180 2904
4742 1089
256 1408
3054 1778
3942 2313
2154 3104
4370 4249
3701 605
361 632
3798 4103
3833 2961
2594 3086
1766 1291
1277 4276
2128 1214
1562 835
3891 2605
4703 3036
4422 193
4797 4461
3716 2849
3135 2812
2781 972
2811 4867
2101 2147
3789 4130
2287 2567
3605 3308
2669 2340
1122 3766
1465 1257
2969 3163
2034 3549
1526 964
1812 4644
3713 3133
3493 4492
3846 1726
3315 4024
1365 4501
452 2946
3923 4624
4465 614
3341 1245
1179 3837
4024 2841
4681 4637
3764 1264
4211 1702
4388 1729
1666 2063
1703 4020
1664 3188
3740 2059
172 1732
2515 3111
868 770
576 2555
4722 363
4592 1241
2636 109
2048 4230
2068 4593
1074 3345
249 243
643 4287
2684 704
412 2077
3660 2413
2000 2124
1900 1560
2026 4411
4866 2246
3232 2856
282 3808
3918 4075
1037 103
2045 3230
3031 1491
3643 257
2353 3122
4569 1450
2301 2741
2837 3309
3254 653
3771 2581
391 956
2951 1685
3234 2363
1908 190
670 1261
132 3707
3445 1902
1842 2230
1627 4499
1655 686
2479 4643
4929 4771
4361 2621
187 835
3414 892
3633 2172
2056 3167
107 541
1165 3950
862 543
4931 4570
4382 3928
1419 4556
714 199
4945 609
1205 3786
546 3533
4952 4513
2730 3211
3719 135
3510 3302
4473 914
2838 3834
4685 3737
3070 791
2401 1207
3299 3834
4586 3725
4964 3520
3536 3383
577 181
3280 4786
2263 3454
1241 1265
2573 1187
2592 1885
2783 4222
2303 4662
2612 1557
3869 84
905 3520
446 965
4250 934
2439 4144
4629 3762
980 3996
4535 3951
4129 4145
1460 4093
2609 3891
745 2741
1487 341
2780 3222
4995 2467
2225 109
2897 4136
787 4037
1604 1308
3813 3637
1424 2737
3164 140
2867 2185
3353 3876
2433 2225
3517 2316
21 1598
3253 436
1771 644
2046 4143
615 2975
4525 205
897 1077
2142 2953
4948 692
2432 2631
2529 1091
2554 3253
984 2026
2601 3962
4577 4887
519 2976
55 1821
191 2108
2774 189
3826 3086
2173 1016
884 4826
4048 476
4979 3698
4402 3146
122 680
4997 2813
1555 4300
3020 3745
1866 1738
1814 4609
3385 4518
3017 3161
2284 4667
3542 3054
1355 4808
1732 1134
4865 2002
1096 701
1836 786
3694 2845
1593 1163
2537 405
4558 841
2254 2130
3367 2563
2975 1757
2358 3233
2018 3472
2566 799
484 183
2192 3573
1007 3352
4612 412
2625 2813
1879 3781
3457 2153
3408 78
4824 2230
3024 2045
2460 3843
2574 3057
99 2487
1207 1596
326 2092
4067 3530
1003 2444
4559 2714
2497 4646
2056 2460
876 1698
3700 2637
1732 4063
3901 184
165 1830
1597 763
1239 1727
479 1274
4623 728
4427 2992
58 2353
3028 2663
313 1880
346 3310
4287 1534
1077 974
1399 1022
3176 2852
793 3957
1524 2942
2663 4685
4792 2285
4977 4695
4185 326
2368 3259
2806 1834
247 4949
3436 2260
2632 254
4052 223
2471 2484
4101 735
300 537
3181 2253
4732 3597
489 4725
685 2167
1738 2954
2290 734
3008 1762
1902 280
582 3137
4295 1768
1096 3916
1706 4353
3568 796
3817 3870
597 4558
4527 795
909 1486
1895 4898
3223 2226
3264 556
838 512
613 3358
604 4340
1195 2601
1970 3459
2873 2290
3140 4057
4026 672
4565 2880
3661 606
3540 3872
4873 4063
2074 815
370 123
3414 916
1269 4416
704 3359
4804 1903
4001 1516
4644 1056
2551 3766
1214 3322
928 234
2738 278
2579 3259
3370 3025
4001 3197
3821 224
4194 245
4582 186
893 1117
3466 771
2558 2569
1267 1767
3997 1587
865 1693
2957 2230
2452 379
3701 4356
4114 1365
1516 3924
30 2676
2123 4228
4840 4715
466 1559
4419 96
934 959
941 1427
4045 2268
2979 4277
188 223
2482 3003
2220 256
4387 2652
3284 1731
1881 727
4874 4544
387 2864
306 1509
1106 4476
4233 4853
4909 3297
1590 3161
2542 1547
2683 2387
4792 2001
4240 3787
1513 1336
836 2347
3903 3123
2436 3614
1163 3785
2275 2749
19 3585
3976 3747
3088 2984
2464 1883
3122 3729
74 3715
2987 4082
2003 273
4963 1720
416 3859
4231 3771
4915 1612
2888 1349
2245 1002
1053 1063
4497 2202
944 3684
1566 4788
2590 2606
1331 2427
3361 4879
721 1543
4281 3232
551 4499
1560 1505
4933 2722
1127 1086
4943 163
4035 2770
2986 3415
893 4337
995 3161
938 4926
2524 861
3587 2165
2191 80
953 2707
2851 4448
86 780
2886 2715
2622 1627
797 3574
2097 3373
4062 4540
4085 4708
1111 868
4803 71
3530 3642
3952 4011
3383 4404
3168 3317
738 906
3922 567
3032 3657
2968 2079
2766 3940
4500 3059
674 4176
4474 3316
4190 380
4540 373
1341 4499
1085 2797
4786 2201
2304 3935
3708 4729
1798 2611
2650 1649
1927 3017
1593 1023
4063 4272
2607 4086
167 1754
2997 4696
3955 2324
3765 551
247 2491
495 740
4702 4586
4954 456
3993 2786
2330 2117
4448 4881
1033 3617
2874 562
4927 3374
3078 698
3318 4940
4183 4149
2682 2621
3300 4455
1927 428
3936 173
4792 800
1831 976
1769 2174
4089 1865
4269 2042
59 3620
4151 589
969 4722
2966 4749
1565 2712
1059 1426
3125 2996
4618 2041
4383 2005
133 905
2789 2362
833 2047
1008 2216
4290 1137
3759 1660
4496 1271
2245 4786
1158 2314
4983 3951
1414 2022
168 714
2784 1304
2117 2844
2936 3064
1386 4194
719 948
697 1162
3265 4572
3752 2718
3952 1039
2908 1307
247 1229
2931 2327
539 3766
3281 4015
1134 3067
3812 344
4929 3447
1015 2400
2110 1043
2461 2823
3260 2294
1337 4216
1836 2198
1419 1348
1048 4268
3527 388
4227 3495
3153 4537
1572 1818
3968 2649
4875 2594
591 835
2652 3575
1721 4769
1604 1513
390 269
1957 4679
1178 120
1521 2913
4807 2027
3323 2289
1986 2411
3050 4605
378 2463
2348 1632
3558 2817
3653 1875
2015 3110
2217 831
2120 4085
2621 2234
223 4857
1638 307
3711 1300
2031 1163
3305 1435
2459 4919
2710 82
1973 1504
2169 2374
1602 4728
3298 784
4003 2799
1274 2556
342 320
4103 2366
2602 135
2119 3521
3063 927
2301 621
1207 1807
1274 1452
4658 4053
1030 3446
3891 1259
360 1970
4859 2655
56 1746
2136 1905
1512 4848
713 1482
1725 338
1455 3001
1335 81
2644 2785
13 951
2540 3986
4622 1926
4924 4057
987 2464
2462 3466
4953 3052
903 722
2729 1478
2866 510
1177 3280
553 4303
2370 4775
2125 1140
3880 128
2370 91
2115 177
2491 4892
548 4978
1208 1372
3826 2225
4654 843
2914 4584
757 3422
3659 738
2417 2800
1355 1779
1489 1539
2907 4214
2750 3288
2697 2271
4279 1453
1963 3708
3782 2163
2481 3199
4922 198
3174 1845
743 2594
1864 2803
214 2923
3908 3766
1785 678
3280 1852
500 3866
1961 579
1629 2602
2070 4786
1420 3034
3806 1981
2347 1737
4222 667
2990 4517
1825 2044
3048 2357
1508 872
1894 3221
710 4211
3579 3726
1145 600
3212 1319
2133 1942
4327 3606
2318 832
217 3304
3664 4287
4239 1188
4653 836
835 916
3919 1468
4499 3187
2377 212
2804 3721
4667 2707
3594 3600
3791 4611
1581 2177
3935 699
99 3456
4130 537
1988 497
3184 3695
2956 4447
799 2139
2704 1882
966 4913
3062 554
4845 343
1180 516
984 529
2225 2986
361 3982
4704 1167
1346 3908
2902 3522
2341 1907
361 4691
1638 2957
1003 2793
1510 2297
3701 3716
839 2541
4035 2996
83 514
3244 634
4064 3132
4907 872
1342 4995
1298 532
2275 4913
229 3130
851 1093
266 1779
1515 1857
4397 3624
4942 3274
3678 1887
604 1665
661 238
3002 4665
3679 3762
729 1090
2439 497
4365 3864
2761 1980
3836 4039
2230 1124
4381 4337
4339 3313
3598 3277
4604 171
3579 3986
3686 1536
2778 441
3314 4115
3895 93
253 4451
3370 3842
4102 3259
4923 470
4742 1313
770 3016
2613 3785
4006 1397
1601 2728
4147 1349
822 266
3547 560
83 2955
1684 379
3382 3921
3863 1180
1173 4577
2967 2073
179 2917
2435 542
66 3393
2699 777
2004 4733
2507 4780
100 177
1814 3868
516 3879
4624 4885
3458 3173
1808 4628
1815 3078
3492 1233
2409 2151
629 2021
4268 4049
1303 308
2083 3974
4372 531
1937 1666
156 4879
3451 3264
1512 3027
1870 3207
4333 448
3060 3927
1980 4659
3966 4850
2075 2862
3874 3214
1943 2014
1555 53
3142 1554
2473 2532
4337 3952
2252 3185
225 3017
1662 852
3471 679
4239 1462
452 4377
282 4940
1327 2671
2714 2865
2982 4985
2803 2997
4891 3587
1359 3547
2670 4410
3876 4019
1547 2916
2808 35
4421 540
4395 781
4748 1414
2267 3358
4374 1150
3727 1114
3546 2763
1622 2472
3224 3701
4948 4645
2385 2669
4560 4838
4903 272
1762 3258
4429 890
1433 1911
3471 2245
1792 3416
1009 1535
3078 3971
1345 4907
3987 1045
1775 4477
1181 4470
594 2380
3190 2387
3643 1654
395 2310
4395 443
3779 4919
265 806
259 3059
3862 1303
4422 3639
3599 1626
1281 4149
2270 176
4493 4470
4288 3712
952 814
4129 939
2292 834
4593 3865
2222 2957
470 4135
3306 2793
2680 3844
2573 3468
3860 2805
1923 4767
3313 66
4995 4069
3125 619
1378 2478
2910 3054
4478 4473
4523 118
4409 2349
4590 1642
1943 2030
3160 3330
61 96
4229 582
877 3626
4772 2039
1271 2993
47 104
893 3087
2580 2819
4917 3474
4351 2627
4912 542
3968 2672
3605 223
715 996
1390 3932
2027 3028
319 477
4851 2076
4862 3239
3604 1475
226 4045
4820 1284
1807 1446
1036 4415
3129 3198
2891 4280
1520 949
751 200
2674 512
415 2978
2156 790
1192 1645
1224 4332
2460 3829
202 3972
3400 926
2101 2804
2186 1231
1912 3997
3841 1661
2564 4216
4099 4172
2525 506
4921 891
57 2912
1687 1191
1209 1720
2430 3756
2305 524
478 4698
4759 4092
4836 1218
931 2975
3687 2947
1404 261
103 3896
2719 4061
2822 4732
728 1489
2133 3302
4223 2279
3217 3860
312 109
23 696
4001 3438
2288 1698
1781 1211
1906 2137
2213 4796
3890 75
759 2718
4622 4925
2632 2374
2785 3663
4251 2637
4062 215
3166 2575
4934 4235
2651 4197
668 2860
701 2439
3724 1366
4107 756
179 3141
1694 4023
4798 3797
2791 608
1969 1851
4938 4746
4819 707
2794 1822
4201 2941
758 2971
2393 1067
3331 337
2369 130
4546 3496
1897 2191
2124 1339
3184 410
2975 4303
1730 1635
611 2059
1958 1885
4221 698
1168 636
4588 1085
2109 279
4407 793
3797 1436
1815 3313
3593 3822
1928 659
1847 2485
1698 450
3892 853
144 1015
2548 59
106 2744
4954 4338
2706 1442
899 3612
2010 930
2009 3346
2885 2393
4750 17
4436 83
99 2441
3989 2713
1999 848
4699 1186
750 4750
1341 274
2766 3613
4859 3959
4075 4516
1292 2543
3560 4153
4786 3681
3651 1784
886 3930
2379 129
3113 2020
3834 644
3268 3371
2711 1446
4046 46
1685 1914
4322 447
3131 1084
2469 2658
861 500
1112 1568
3178 111
3440 973
917 2613
2362 2032
467 1500
479 3680
2742 2108
144 3491
1201 1435
2640 2750
890 1667
1350 4137
4159 1077
1796 4593
3290 206
435 3247
8 1358
3990 2243
1258 2398
2244 3775
3581 707
1887 2034
2755 1344
3908 535
4867 1713
1012 2936
3092 669
2780 4905
1604 1240
367 973
1848 4007
4362 453
234 1167
3574 138
3374 1076
2443 4600
3357 3283
3943 2207
4559 1827
2019 3043
3644 1020
4187 4545
2505 4304
232 4797
2386 138
4068 1248
4255 2834
1311 4113
2817 2826
3299 3836
2037 808
2173 3650
3093 2448
3158 3757
726 1789
1760 2339
1481 2139
3378 1198
4391 3650
4513 3730
1851 397
1549 2398
205 583
4475 235
990 723
4949 1340
1786 1892
4528 653
4849 68
2042 2181
3546 1391
2758 1924
2051 538
1385 524
4149 2272
2082 2569
314 3446
4248 4074
3823 604
4668 3709
4923 2256
3441 1617
3834 3068
1789 4120
1748 3716
2558 1153
782 1950
4344 4126
618 3904
367 302
1232 2090
4025 2116
4901 3785
594 4379
617 1324
4364 4303
1672 1761
1352 3969
2771 470
1075 3089
3405 2644
1653 3142
1666 3022
1680 3431
2971 183
4261 3425
2337 2139
3180 1109
2040 3918
2939 1666
3071 2061
3883 4548
868 960
4160 1853
4371 3652
2915 2908
2048 4854
268 1053
809 2018
3997 1104
35 361
41 847
1648 4074
4388 1088
1163 2545
1387 1368
4815 886
277 4932
186 1434
3902 1223
160 4515
82 1710
2419 1553
60 532
2462 2364
841 4643
1286 1463
2506 58
298 4735
1907 1570
1218 3313
2636 545
210 82
237 710
4585 508
3800 1065
39 1701
2887 923
1227 4273
4368 3317
4227 2092
2541 1923
500 3343
369 3301
1222 2700
512 3504
3157 2802
3912 3494
205 1528
1255 1863
4696 3408
4328 1980
4053 112
4849 3368
188 1876
3306 3496
4257 4351
4104 1777
981 4527
4534 3241
4018 1826
297 4305
1377 1058
47 345
294 4237
916 4911
714 2240
2886 3880
2319 2386
392 1985
1070 4549
40 2080
4285 4717
2399 4519
2396 1378
247 4463
814 225
1992 2327
2576 4639
517 3356
3061 148
847 1292
3349 4839
4137 4358
1793 1121
1930 3423
3628 2048
4308 4465
3518 1176
3938 2309
3379 4882
695 3992
2646 4403
1203 3696
563 864
1938 2320
3632 3839
2228 4970
4925 1533
3257 4646
3895 557
3151 4185
4701 3307
2330 1448
393 3759
4369 3499
3634 3881
2043 2494
505 4698
140 4437
1101 4864
3031 878
3109 3068
4907 3781
3730 3676
4439 4477
4127 1940
4355 4271
2645 2988
370 872
1266 2135
2662 106
4718 182
855 175
3039 2804
2692 3853
4096 21
552 1147
2812 4116
4888 573
152 1187
2816 4323
4335 1682
4123 4514
2635 3462
4084 3225
336 4812
3134 3029
233 1995
2519 4023
742 4266
4719 2057
739 595
1276 3911
3275 4447
2606 677
4457 1417
2718 4203
2048 1457
2466 4663
2241 1384
4641 4764
1378 1526
2477 516
3239 2723
1447 889
3019 973
3671 1756
3843 3476
196 4658
21 2539
4828 2362
2038 951
4516 496
3079 1832
2644 1699
3429 657
3698 3831
3073 4710
2806 773
3634 3110
4142 1207
505 794
1888 1355
3521 2807
1077 2293
1691 3990
273 4215
18 4107
421 2393
3252 3633
2359 3946
2338 3768
4640 39
635 1804
1565 854
1677 1202
3320 2708
4945 62
2011 1314
3089 432
4350 1492
1213 1816
3486 2271
1383 1342
848 3954
4966 3066
3876 4904
1142 561
1570 4302
2685 4492
3989 3041
4513 1923
4667 3961
236 4549
4927 2148
2476 1811
1567 4332
423 4523
2811 3111
3553 4859
2200 681
4334 1996
785 2202
4581 3761
3945 900
304 3602
4696 154
604 1235
2407 4567
4813 1131
3470 675
3106 3756
1845 2074
83 796
459 3882
2368 1098
14 2672
4988 1903
812 2789
1305 899
2317 1013
2175 276
3673 1518
2170 4537
1711 3905
1779 2373
2948 2119
919 3820
3340 3515
1126 2753
2365 3218
2901 4198
551 3128
4642 125
4512 2044
106 1271
2818 4914
3843 1953
1529 1064
2268 1991
2014 3677
2882 1
387 237
3815 3791
127 861
2041 2901
1548 1105
2153 3840
717 2238
1278 1408
77 1673
3596 3320
577 925
738 58
3748 3577
3631 4920
1008 551
3159 2911
3087 3489
2608 2604
1971 3615
1042 1370
4505 2669
2048 3589
4090 1319
2871 2513
2716 1586
2297 1559
2263 2809
2556 2854
2331 4815
391 2313
4631 2362
2881 2245
41 1914
4009 1150
4474 2251
824 1779
2727 2822
1220 2108
1261 3137
707 1213
3347 1075
3427 334
4063 1245
2836 60
10 4838
3832 4497
1872 2681
2211 919
1790 2387
4723 2752
1071 723
3101 4247
1830 704
3202 3812
4505 1982
813 3003
1901 4937
2732 3944
4689 3861
3231 2055
3945 4856
1976 1917
4542 1838
3718 1847
3485 4874
2052 3139
4874 21
1693 3651
387 4061
1347 4369
1819 1929
2846 3818
4749 4582
2146 1
3075 1116
870 76
1928 742
946 4548
4224 4014
320 4844
4614 558
4686 3531
1698 878
4190 1342
4816 981
3172 1987
3969 1227
3464 1149
4660 2040
431 4981
2172 4366
1043 1923
1545 80
1643 4775
1638 663
1260 425
2534 962
145 4656
3047 509
389 464
47 4783
113 4925
4782 3334
4878 3797
3111 2911
2657 4628
4839 4758
543 3565
2894 1980
1797 3723
3489 161
504 2285
4181 3146
3018 2716
1895 547
4030 2016
4304 4851
3931 871
2488 444
3852 2534
2090 4146
1217 361
502 304
4231 1903
1726 1723
2537 1547
1329 1211
2515 2959
3861 4956
1385 4779
4062 353
3449 4294
4323 3452
673 4348
903 3572
3152 529
1458 2297
4674 3810
824 4217
1571 4232
1547 1783
1967 4682
1865 3823
1033 3965
868 859
792 3158
3462 224
889 1292
341 3353
4693 4700
4487 4182
2250 4901
22 4630
1209 3078
1219 3506
889 1659
1804 3964
3399 3480
4134 4733
4626 2091
2740 200
3355 99
4093 4422
491 2790
4678 1608
2767 1054
3040 1597
4958 625
1774 3688
1507 1071
4164 1443
4235 1862
2173 935
4602 2542
4637 3430
934 293
3211 1906
368 3284
2455 3033
1762 2868
3706 311
1422 3912
122 3704
38 2122
4248 3994
1556 2778
2823 2199
1989 1112
1688 3361
4215 1855
1474 4321
2292 2348
2294 2275
4516 671
4510 4170
4710 3439
270 1931
1319 1033
1555 2085
2656 4468
4535 3721
4417 786
3902 3422
1772 166
1696 4065
1317 1604
2691 2486
3985 4744
3342 634
2118 557
1045 4953
1385 3154
2599 1704
3232 2398
2120 3897
4759 2510
2379 4749
660 1235
383 4826
1920 1807
3410 3918
3192 582
171 3194
1152 2142
4972 2512
4938 3696
1102 986
2507 1809
1315 4585
4935 2611
3062 1385
2834 4434
1493 3633
2140 1847
1626 223
4581 1253
724 4727
4759 4774
95 445
371 501
3062 372
2041 3339
2967 2397
2705 1466
4437 3696
2142 3790
290 4699
1860 3819
4733 4953
37 2398
2980 4937
132 3673
2092 916
54 4696
494 1623
2742 2985
1288 3694
3701 1814
3818 3713
758 1258
3108 73
1708 622
2249 1806
723 2349
1224 921
1449 1088
3746 4032
3053 1903
3432 1690
2054 3252
715 2400
4597 4143
4322 155
239 2747
1966 4783
4929 1533
2420 117
1375 2468
1514 2847
1676 3820
1320 2071
4420 160
3176 1133
4246 2048
2155 4024
810 4584
4878 4521
1694 2665
2843 659
148 4324
1759 137
2821 2032
507 361
2909 1337
4055 4041
461 4430
263 4603
3104 4511
845 1001
4310 2432
1570 3026
400 1006
3908 2317
1754 3085
4170 4745
2610 2803
511 338
3210 1962
924 2330
2861 2299
894 443
4876 3694
3288 1324
834 1881
4 1390
1890 2156
4451 3009
1595 2794
515 1011
1527 1154
3285 3209
1267 4252
3020 946
194 2942
937 752
4226 106
958 2485
3383 1767
2872 4393
2691 1887
4646 629
1110 3626
668 853
3915 3350
3463 4891
4312 410
4908 1955
4556 3674
4003 4727
506 3125
151 2132
3241 1455
3054 2788
3327 4493
1596 3749
4588 4976
3071 2136
1341 1287
3098 2040
1287 1293
35 2777
1119 4537
3632 3435
2498 1160
3631 1115
730 1523
2421 2054
4542 1774
2314 256
2424 2659
2276 4954
4418 3284
3086 2117
115 1758
2040 1249
2883 3061
4024 2973
1922 2029
110 705
1471 655
4943 109
3622 3240
3328 1251
2652 4623
2878 3696
3232 1045
3078 3427
2264 1730
3966 2863
1175 4832
1397 1050
4993 3784
3898 4469
123 1328
3078 3172
1827 2620
2299 1667
4406 24
886 4352
313 3713
308 2995
2782 3591
3949 3084
4993 3914
1923 4263
237 3381
1468 3540
3629 4418
245 4260
4453 284
291 3506
1554 2117
2984 1229
3698 4129
4292 2513
2242 2212
850 2474
1360 3968
1399 501
1701 4825
801 2290
4651 4596
1004 387
4130 1662
626 1400
1614 949
1387 3039
3158 2644
1515 1873
2219 67
429 2200
4124 4631
3118 3778
4772 50
580 1211
4900 3541
3941 4786
1202 1251
26 575
913 64
3288 4951
4676 3397
2379 319
4958 3514
698 3915
1682 922
4623 1146
4962 3982
3176 3296
1500 131
1917 4104
3803 2437
652 3812
1627 4178
504 1319
1154 3981
782 4850
3464 2600
2265 618
2517 4163
1290 3019
2074 4241
3570 4603
1990 3053
4297 425
168 1357
1962 2827
4176 4474
647 4510
888 1083
3048 2397
1432 896
877 4966
2820 3230
2109 4110
473 2866
3827 1309
1294 3345
2322 295
873 4442
2790 1213
588 1754
374 2939
3010 1172
1291 2921
3979 1015
1806 904
3902 4355
4349 4086
3119 223
1137 856
1888 2782
959 753
2037 4525
2551 1752
4546 929
1537 1721
579 107
513 4549
3776 128
2036 4322
108 2398
2307 2401
3065 310
4452 1355
3647 1198
4760 4194
855 672
552 253
87 2843
1458 689
2445 1028
4244 3055
1856 2210
2602 2033
863 2918
1059 3860
748 2418
2662 934
907 2377
3864 2027
2182 398
4969 4454
2241 4650
1191 3407
3618 3303
1857 2858
772 4262
3755 2932
3643 2716
2081 151
3935 4969
2139 3394
1850 2042
4811 2541
2026 3364
2615 3490
2705 119
3633 1320
4042 2844
3239 2173
2190 1976
11 41
2506 1952
3645 3739
497 4608
4953 4916
216 4929
2726 202
650 727
2114 2160
1506 4709
441 3094
4193 2864
1651 2453
2839 1852
4965 644
4585 4520
2150 4458
3793 2267
3232 3646
1381 2737
409 29
4028 1915
2505 1581
1032 967
3502 2942
4167 3120
3294 4736
3087 2495
333 3864
2659 1963
350 4641
2403 2248
3575 3143
2660 2310
2407 2459
41 4946
3236 373
2743 465
4812 3849
416 1387
4634 1697
370 810
1923 2812
2362 2284
4796 2069
2255 71
3532 3111
375 1444
2017 473
4303 17
1560 3423
4634 568
1619 4
3060 1595
1607 1719
188 49
1881 4305
2621 1229
3234 2214
2689 4604
3951 1006
3956 364
321 220
4895 2284
1039 1433
3696 4084
3943 2465
662 4881
4398 1387
4089 1998
3747 367
3577 1629
2502 1044
3120 1474
4349 3960
3424 3259
30 3862
4968 3126
2656 407
4725 4196
4315 806
2064 3706
4016 2284
3327 136
1683 2014
3519 1395
2223 3234
2950 1458
4128 1078
432 4013
4916 1091
26 4322
1734 416
1125 3979
1019 1600
1763 195
1346 3419
4795 4516
3465 1849
1975 722
2958 4937
4628 3760
509 3054
454 4568
1100 4536
3481 2648
1287 3702
1478 1923
242 1398
2019 1344
4968 1698
4399 4658
4258 1239
2658 1181
1327 483
2460 2224
459 1836
1793 4160
1863 1498
2056 2252
94 2278
4396 1574
461 4925
4680 434
2741 3953
3705 2520
2316 2242
2273 1925
3343 4758
289 1198
2027 653
4318 2134
809 4627
624 4027
487 915
4072 1663
3229 1024
1306 156
533 2739
3168 352
1237 3361
4644 2638
1335 2323
1169 2471
3812 4868
1470 125
701 1062
2245 198
1815 1772
1259 2149
1155 3708
778 4930
289 4778
74 2647
3160 3129
2625 4822
1211 3107
1461 3394
2760 1183
2683 1026
3822 3607
4349 1228
2086 1570
4444 144
4380 657
359 1155
3803 3514
3117 4969
426 1724
944 4524
1200 4552
2361 1867
2757 4535
4360 4363
3637 1987
1199 3811
426 1981
2184 3610
4867 4242
1824 261
2340 4855
4302 1577
1896 1520
661 390
4369 1738
1327 4984
2480 2681
2578 4593
1107 2259
1520 3045
965 3356
3999 1211
1212 3211
2659 4012
2498 4497
3607 267
4716 246
3417 1294
276 2350
3474 3314
2970 2547
4400 4155
4724 1198
3931 3923
774 3321
2908 574
2838 4573
2705 3140
4949 2639
83 4234
797 1616
627 322
746 4059
2570 4836
898 659
2575 1723
3103 4843
259 3278
1476 1619
4062 189
3810 745
1478 4800
3189 3975
563 1438
200 240
56 3213
4542 1304
3837 4420
110 2258
273 3722
4527 1943
2921 4955
778 2020
139 560
3042 3058
4871 3625
1689 150
2013 1736
2368 1439
3852 2603
2614 2022
523 451
377 4978
3232 3543
3845 1897
3801 990
1865 3886
1656 4141
877 1777
110 1103
1794 3142
4744 1964
1152 2430
4086 4690
4254 2499
1585 1365
3883 2045
1957 1706
3250 2848
290 1363
1833 361
4568 3817
3619 3762
1815 1696
2911 1254
3609 944
4467 1593
2549 1820
3916 528
1285 2909
3383 3157
3267 1766
483 1247
2642 4138
2710 2010
55 632
2119 1709
1 3362
1308 4480
3461 2884
3512 3375
3546 2673
4624 6
464 2999
1085 3720
1143 1096
1801 1180
2459 114
4319 2088
3545 3405
4193 2523
3482 3580
4581 1268
3578 1823
4133 3666
1977 3280
4853 4740
4862 1630
1028 1996
4843 3920
3567 289
3256 2130
2984 4805
134 3268
979 3116
2877 1621
2084 2786
1180 4521
2455 917
2797 4275
4377 3256
3971 4823
914 1559
1592 1604
1786 4971
3977 3090
3864 113
3630 4112
4728 2288
3431 910
1532 134
735 1761
3951 1669
4158 594
4647 1001
4824 853
1666 2723
1590 2473
177 2528
1893 248
2315 3946
3756 130
309 3315
662 1226
2994 2636
3912 2716
2507 3696
1591 4232
4219 1358
1165 419
3332 2285
1785 2159
3125 4151
4822 4581
4513 4097
2460 105
2502 4918
3064 3701
848 3072
3064 336
699 1331
4197 3574
1995 1015
2118 3645
1493 2168
2895 1813
3128 802
4883 4613
2191 2185
154 3251
1584 1437
2418 2717
1098 633
2627 3626
1412 4080
1793 1868
4954 4027
4752 4410
339 4347
4033 989
3560 3441
2472 4326
444 4715
878 1904
4356 272
4481 161
4434 4157
437 900
1735 2712
4235 2816
1572 4853
2367 4425
1729 1865
936 3023
479 3248
4463 2050
2991 3894
2595 409
295 4297
3383 4332
1112 1626
3041 4345
3178 2878
3564 2093
4661 2818
4980 4227
1651 4008
1585 979
4253 4111
4393 3860
4430 1932
1593 4277
574 1944
2425 4296
4730 1495
912 3062
4451 2013
1378 866
1862 159
4449 4199
3592 3562
3791 3698
1595 572
1313 96
1974 2388
4091 4072
2119 3759
750 3372
1965 2823
3732 4238
3755 3211
3632 479
1362 1902
2655 4401
2577 1262
3028 4287
3175 3243
1007 4772
2408 590
2051 1591
2312 3102
1049 1771
3191 4693
1108 1987
3668 3253
409 1643
616 1276
1168 3995
947 3671
767 2135
3549 3484
4813 3717
3886 3210
2014 4150
4265 2920
512 4850
1087 4766
867 4540
1295 3032
225 2843
2859 398
270 3384
2322 4179
2090 4869
46 872
1490 2463
4061 764
4750 3319
4676 3071
200 2698
1585 2199
1887 2221
479 1392
943 3513
1633 4176
678 1733
3780 1195
1541 606
3364 1051
1740 1405
557 1525
120 75
4379 2074
2421 4414
2338 637
3550 1485
2527 1442
3068 2990
3443 2222
1936 288
876 255
4261 2990
4870 3815
100 2390
330 1973
571 2953
710 4937
3660 3912
2202 1382
913 3437
778 3169
3127 69
349 781
2615 3096
2150 7
3990 4297
2906 416
1245 3243
4571 815
2684 4992
1215 4341
4302 2615
2358 3185
3722 2814
4606 764
1698 3783
3034 1057
2775 4717
3674 356
1578 813
3416 2550
1002 1501
2295 1758
2131 4357
2626 443
4034 568
3842 144
1830 671
4879 1090
3685 949
222 1385
2913 270
3200 2526
393 4600
3115 1190
3978 2069
4754 4432
3696 2253
2772 1172
168 3272
2291 1048
4912 4482
1025 1209
625 816
4175 2673
1599 4441
935 4100
4343 3832
2041 2782
2008 1628
2205 3076
4050 241
4076 2062
227 3370
2621 4843
4535 1092
3073 3398
4371 4392
4204 3922
4643 3903
1698 2555
35 3286
815 881
3750 4788
4175 1861
522 1869
4616 2782
2780 504
1350 2898
534 2153
795 3997
4394 4476
3939 1364
4508 1167
2742 4367
956 623
3994 3039
3508 3090
2178 796
174 3336
4428 1640
2026 4447
2809 969
3912 4954
2754 1386
558 3766
285 1675
4385 2926
3201 1986
1463 279
1380 841
1829 625
1881 897
834 2230
2714 3433
1997 3371
3462 2269
1945 2674
2095 497
3973 3141
1031 1259
1235 4413
2454 2026
4942 3543
702 2538
3404 4522
979 4514
2790 3974
4970 2497
1822 2938
455 2215
4819 1803
4317 4495
4721 4506
2288 4294
2707 3069
3876 1059
4358 2430
2734 2330
3979 883
2418 2267
4837 1737
2138 1244
3770 2602
4720 390
3427 2791
1545 3552
4399 4657
3566 2693
4105 1514
3524 2679
4713 4619
1595 2825
2877 797
3075 558
2197 1131
3497 2757
