100 162
35 77
22 73
53 58
27 68
42 92
73 96
13 72
20 46
19 52
44 99
6 85
17 60
15 17
35 99
81 85
4 31
24 57
2 55
62 87
50 53
14 71
37 39
12 42
42 59
23 72
39 94
51 55
26 71
12 23
26 60
11 21
9 51
50 63
38 45
13 43
5 14
25 47
9 27
6 12
66 68
16 25
1 44
80 88
23 91
9 99
80 88
13 91
51 52
25 42
26 27
29 82
53 78
58 85
43 66
24 26
23 61
82 89
27 59
11 94
37 72
19 31
8 87
4 70
59 98
4 55
34 38
7 51
15 100
66 87
54 71
6 93
23 50
3 6
2 46
32 71
27 78
38 94
30 32
14 54
34 92
28 80
66 95
49 96
9 93
34 58
8 45
15 66
49 80
4 97
7 96
27 91
40 89
61 98
35 41
24 37
24 81
31 99
29 43
34 49
17 38
19 34
29 61
23 37
39 72
29 84
18 21
15 52
24 83
34 36
38 44
95 96
29 46
73 74
55 61
55 87
23 78
20 40
54 61
18 42
47 92
17 93
33 65
20 51
10 24
23 99
26 33
45 57
78 82
64 100
34 71
27 67
77 81
63 64
5 43
55 91
14 72
72 75
41 87
40 88
87 98
16 36
72 99
31 88
47 67
65 69
35 53
49 92
8 77
22 88
45 72
10 20
52 68
17 87
24 39
46 90
4 86
48 81
29 49
1 49
32 81
25 95
59 70
