974
132 613
132 343
343 141
132 957
613 16
132 599
957 939
939 114
939 224
957 301
132 191
224 741
939 125
613 526
741 52
16 694
132 80
301 387
387 638
387 701
343 342
16 817
80 750
694 23
191 295
301 621
141 391
526 875
16 872
342 213
750 442
213 753
224 930
872 505
526 182
80 692
692 758
692 748
621 284
182 67
692 850
387 614
850 92
387 372
52 413
295 922
125 208
67 969
80 899
67 156
621 552
753 96
741 396
692 804
872 487
899 425
922 684
741 292
922 115
741 738
969 63
552 437
132 257
391 797
23 586
295 686
437 673
939 118
487 318
686 108
372 942
213 714
387 439
372 40
694 786
396 946
387 840
613 162
40 867
817 961
758 652
614 120
437 843
614 74
621 483
372 332
899 854
753 589
840 550
684 764
92 678
652 17
969 347
686 87
804 75
437 582
714 806
80 909
599 314
692 323
387 427
332 354
701 22
442 336
224 356
638 143
614 782
114 920
930 294
87 562
208 392
942 129
347 954
257 898
764 609
336 361
294 761
292 659
191 953
741 489
354 180
867 545
920 435
701 159
75 470
156 151
909 604
347 927
483 472
586 42
957 763
758 911
750 941
692 530
758 194
151 111
692 477
487 35
361 58
843 890
483 1
40 746
162 375
758 313
761 226
701 811
129 924
850 136
614 137
946 269
115 185
442 847
684 465
898 897
694 303
347 900
136 510
811 525
562 26
505 293
87 299
741 447
582 641
526 453
67 767
652 814
114 302
80 637
939 958
194 828
909 163
151 449
954 729
673 565
257 64
137 816
413 660
269 130
613 436
911 432
694 341
738 252
180 431
465 379
67 751
487 721
660 889
108 395
927 43
16 555
17 813
372 648
814 433
449 116
599 965
840 676
151 770
510 915
22 165
957 837
961 374
530 601
814 297
136 717
361 232
67 612
22 72
292 736
470 542
74 231
609 558
130 99
797 779
678 475
477 820
391 931
817 566
898 73
156 856
613 61
323 826
530 546
314 271
721 389
64 450
413 440
753 853
387 369
396 848
837 267
130 335
969 901
151 202
954 364
129 672
786 557
35 355
684 739
61 973
369 851
729 815
257 33
470 569
927 393
341 21
613 410
427 863
545 726
267 893
927 643
660 602
75 617
162 497
299 492
374 204
356 153
487 787
314 865
267 147
395 55
915 230
958 178
450 157
811 647
157 397
343 3
552 971
676 918
257 478
431 723
137 548
55 845
115 454
953 239
557 193
22 330
562 415
43 459
230 784
813 670
973 402
643 740
526 68
750 704
252 722
958 85
492 420
356 196
483 494
797 657
672 707
770 275
648 146
475 76
355 956
707 340
867 618
239 755
694 305
641 192
436 610
722 322
558 679
137 734
379 762
854 15
898 484
965 310
74 661
755 769
470 590
372 588
16 212
704 966
525 291
867 650
741 170
569 573
641 498
478 681
659 520
420 926
867 86
741 236
271 451
867 37
956 88
130 594
16 464
875 34
68 124
837 886
393 709
557 268
692 247
599 699
922 668
192 962
863 744
699 480
854 463
178 628
930 513
336 51
875 273
80 103
782 563
299 486
111 732
305 715
826 430
486 467
492 205
322 53
565 79
410 706
37 6
899 473
427 46
520 382
252 377
851 883
413 627
159 827
162 658
489 625
99 283
915 304
686 13
628 77
726 407
96 469
621 789
621 574
706 256
294 567
915 167
915 422
726 331
828 849
343 101
115 9
555 805
555 333
318 7
837 104
430 29
64 559
806 765
431 947
748 852
335 903
820 667
453 138
722 419
767 229
599 100
956 972
848 70
617 45
472 887
672 773
3 152
563 830
850 968
75 122
815 476
284 429
283 833
567 584
167 434
434 730
204 401
292 500
900 468
947 265
828 822
813 791
332 766
763 737
830 783
433 698
159 742
558 179
440 215
124 774
387 633
355 258
513 246
816 282
333 772
355 933
302 597
425 876
972 556
584 443
397 819
813 315
101 912
23 716
379 82
694 112
204 203
840 237
204 825
628 281
840 404
396 209
889 348
153 959
692 400
291 866
53 277
621 280
180 90
52 554
332 669
942 640
269 506
61 154
354 757
847 187
159 217
742 176
299 906
805 195
890 12
594 651
284 570
239 591
100 759
886 967
817 884
933 482
813 219
956 206
971 360
193 801
124 841
706 285
76 255
973 241
766 346
115 636
826 485
21 785
497 649
42 327
589 781
597 535
738 91
755 350
769 622
239 140
63 683
550 306
901 533
947 626
443 421
291 134
734 955
449 417
34 362
6 109
476 689
459 110
737 405
972 882
927 184
828 175
626 644
330 126
622 945
678 457
88 416
281 177
178 873
389 474
863 71
310 777
927 910
435 631
476 809
285 351
873 639
280 499
946 8
293 680
273 218
332 578
132 775
22 211
899 844
759 490
15 571
757 455
195 18
33 674
563 445
706 5
355 929
830 89
639 278
429 113
744 189
574 842
638 728
356 320
681 950
707 60
482 745
99 512
637 823
17 877
489 261
927 662
498 54
877 697
816 807
206 95
422 575
176 41
525 296
129 821
474 671
717 48
184 181
484 260
774 502
34 441
781 493
715 948
140 861
369 549
973 951
641 595
153 792
417 654
668 210
570 131
584 245
494 376
416 803
886 456
926 760
622 174
701 28
12 663
644 14
604 907
590 776
774 521
212 963
661 324
421 685
912 337
968 656
744 528
400 414
219 373
926 749
457 411
477 199
815 934
586 534
804 254
5 426
827 272
303 479
732 386
740 514
660 733
626 448
247 321
750 536
450 39
918 605
219 57
722 309
209 334
828 262
819 682
759 11
71 250
191 874
738 311
749 616
337 831
130 731
193 298
766 624
667 233
377 488
707 173
649 363
750 894
633 895
512 496
405 471
484 913
331 881
833 880
226 857
761 24
258 794
153 688
636 279
945 235
294 352
638 317
147 186
137 579
624 169
679 144
205 117
897 818
721 515
203 367
407 596
716 646
415 653
889 155
637 936
769 523
72 338
18 619
911 835
619 719
255 576
574 462
682 724
285 914
819 846
786 32
213 107
707 522
785 606
17 370
668 44
52 561
617 592
60 607
874 495
552 276
894 695
317 56
159 675
463 964
557 339
324 666
660 923
48 829
969 83
426 216
282 540
71 974
707 288
485 403
704 871
61 503
651 858
726 725
724 127
12 703
631 916
911 308
350 329
185 509
505 944
814 326
88 720
528 66
159 371
534 878
178 97
473 937
772 240
566 145
950 838
934 398
704 712
944 366
73 553
203 223
689 904
900 2
237 171
906 353
733 718
42 238
649 201
335 274
909 452
350 780
447 577
901 149
187 438
33 754
366 316
804 593
814 891
337 390
613 319
294 517
101 788
553 225
894 264
483 925
775 266
240 677
828 424
184 892
15 133
472 381
448 198
189 98
170 747
897 248
695 839
850 466
787 940
688 778
762 527
500 365
765 896
493 859
427 27
918 164
113 711
99 251
659 529
856 630
395 702
219 932
377 539
285 664
788 834
599 270
695 756
196 368
9 128
60 142
51 10
588 743
579 864
335 693
895 511
652 399
369 796
754 518
789 902
955 551
974 583
375 538
476 289
230 47
542 418
761 166
392 508
125 412
738 287
899 243
929 307
789 727
32 349
966 790
631 78
492 491
191 94
559 227
653 862
745 119
853 394
350 380
272 598
508 234
574 190
414 632
953 585
660 36
638 795
607 928
76 572
920 62
202 634
703 771
218 516
232 69
452 222
90 537
554 197
193 200
753 344
416 855
723 812
331 30
914 220
918 168
365 158
714 655
898 798
877 507
173 81
850 49
794 121
731 600
600 105
11 836
546 263
947 544
298 700
633 885
787 460
94 696
112 150
279 868
582 221
619 615
382 444
733 139
296 524
929 611
61 148
969 919
689 970
585 810
527 286
912 501
184 25
254 541
304 408
397 423
751 800
616 917
788 161
743 623
447 560
479 345
89 290
517 244
828 102
746 642
716 581
642 312
338 228
51 461
290 908
575 50
371 568
493 603
326 183
240 388
128 253
772 106
177 481
821 20
746 135
452 384
183 905
302 160
855 19
637 687
441 580
622 635
82 242
738 531
262 93
151 383
197 943
685 359
751 938
488 952
582 710
152 259
186 38
313 446
886 504
895 406
274 824
533 870
676 752
160 879
721 564
295 300
745 860
827 328
597 691
731 378
660 547
472 587
574 428
954 921
936 949
14 172
750 59
360 65
78 409
489 960
647 4
99 708
85 214
848 207
636 31
561 888
152 620
727 735
117 713
48 629
177 357
580 799
574 325
464 705
696 690
240 793
439 188
894 519
155 532
717 123
825 385
46 869
668 832
12 543
571 665
447 645
240 608
793 808
836 358
904 802
126 768
756 249
775 935
878 458
579 84
