893 931 1
2 1 1
3 2 1
4 1 0
5 4 0
6 2 1
7 1 1
8 5 1
9 5 1
10 5 1
11 10 1
12 10 1
13 7 1
14 7 0
15 9 1
16 1 1
17 13 0
18 1 0
19 12 0
20 15 1
21 7 0
22 19 0
23 4 0
24 20 1
25 18 1
26 15 1
27 4 1
28 18 1
29 19 0
30 25 0
31 23 0
32 15 1
33 1 0
34 30 0
35 26 1
36 27 0
37 34 1
38 8 1
39 34 0
40 31 1
41 35 1
42 14 0
43 33 0
44 7 1
45 41 0
46 19 1
47 46 1
48 1 0
49 40 1
50 2 0
51 44 0
52 42 0
53 45 1
54 47 1
55 34 0
56 53 1
57 17 1
58 48 0
59 17 1
60 41 1
61 59 1
62 45 1
63 54 0
64 63 0
65 59 1
66 22 1
67 66 0
68 67 0
69 68 1
70 68 0
71 26 0
72 43 1
73 68 1
74 68 1
75 69 0
76 38 1
77 10 0
78 30 0
79 30 0
80 75 0
81 74 0
82 81 0
83 57 1
84 75 1
85 76 0
86 82 1
87 43 0
88 25 0
89 83 1
90 87 0
91 85 1
92 48 1
93 84 0
94 79 1
95 93 0
96 54 1
97 81 1
98 78 1
99 89 1
100 9 0
101 100 0
102 43 1
103 17 1
104 28 0
105 94 1
106 103 1
107 70 0
108 22 0
109 102 1
110 81 0
111 104 0
112 85 0
113 110 1
114 32 0
115 114 1
116 39 1
117 115 0
118 112 1
119 118 1
120 33 0
121 105 1
122 56 0
123 31 1
124 39 1
125 82 0
126 121 1
127 126 1
128 121 0
129 127 0
130 112 0
131 129 0
132 55 0
133 127 0
134 124 0
135 81 0
136 86 0
137 114 0
138 132 1
139 136 1
140 139 1
141 135 1
142 65 1
143 107 1
144 111 1
145 138 0
146 144 0
147 139 0
148 65 1
149 89 1
150 108 1
151 141 1
152 139 1
153 143 0
154 38 0
155 69 0
156 116 0
157 155 1
158 149 0
159 68 1
160 159 0
161 157 0
162 159 0
163 10 1
164 152 0
165 158 0
166 139 0
167 161 0
168 165 1
169 58 1
170 167 1
171 169 1
172 164 1
173 171 0
174 173 0
175 172 0
176 175 1
177 146 1
178 50 0
179 76 1
180 88 1
181 178 0
182 53 1
183 176 0
184 68 1
185 184 0
186 37 0
187 178 0
188 121 0
189 184 1
190 188 1
191 186 1
192 191 1
193 185 1
194 53 1
195 192 0
196 96 0
197 192 0
198 128 0
199 198 0
200 123 0
201 10 0
202 129 0
203 61 1
204 39 0
205 199 1
206 154 1
207 198 1
208 207 1
209 204 1
210 201 1
211 58 0
212 208 0
213 189 0
214 18 0
215 212 1
216 209 0
217 209 0
218 40 0
219 136 0
220 200 1
221 220 0
222 80 0
223 214 1
224 189 0
225 222 1
226 221 0
227 220 0
228 222 0
229 226 0
230 178 1
231 62 0
232 83 1
233 185 1
234 232 1
235 227 1
236 228 0
237 190 1
238 231 1
239 229 1
240 233 0
241 239 0
242 63 1
243 240 0
244 7 1
245 141 0
246 244 1
247 36 1
248 120 1
249 247 1
250 241 1
251 84 0
252 59 1
253 76 1
254 70 1
255 251 0
256 67 1
257 189 0
258 55 1
259 257 1
260 230 0
261 254 0
262 90 1
263 260 0
264 254 0
265 255 0
266 84 1
267 258 1
268 10 0
269 261 1
270 87 0
271 38 0
272 268 0
273 170 0
274 273 0
275 266 1
276 112 1
277 232 1
278 184 1
279 201 1
280 278 1
281 83 1
282 144 0
283 277 1
284 275 0
285 179 1
286 284 1
287 162 1
288 91 0
289 189 0
290 284 0
291 284 0
292 26 0
293 288 1
294 293 1
295 294 0
296 126 1
297 167 1
298 296 0
299 42 0
300 296 1
301 277 0
302 300 1
303 80 0
304 146 1
305 84 1
306 300 0
307 305 1
308 304 1
309 300 0
310 300 0
311 133 1
312 136 1
313 312 0
314 304 0
315 147 1
316 308 1
317 309 0
318 225 0
319 131 0
320 159 1
321 42 1
322 190 1
323 286 0
324 314 0
325 157 1
326 45 1
327 322 0
328 326 1
329 325 1
330 320 0
331 208 1
332 168 0
333 236 1
334 327 0
335 334 1
336 323 0
337 335 1
338 291 1
339 329 0
340 119 1
341 339 0
342 252 0
343 112 1
344 337 0
345 51 0
346 326 0
347 344 1
348 342 1
349 348 0
350 349 1
351 198 0
352 268 0
353 192 0
354 227 0
355 350 1
356 352 1
357 350 0
358 356 1
359 279 1
360 358 0
361 358 1
362 307 0
363 82 0
364 362 1
365 361 0
366 361 1
367 284 1
368 366 0
369 252 1
370 367 0
371 368 1
372 286 0
373 370 1
374 208 0
375 366 1
376 369 0
377 208 1
378 320 1
379 378 1
380 125 1
381 371 1
382 379 1
383 122 0
384 380 0
385 379 0
386 376 0
387 35 0
388 382 1
389 70 0
390 387 1
391 383 1
392 378 1
393 74 1
394 392 1
395 390 1
396 386 1
397 149 1
398 390 0
399 394 1
400 289 0
401 22 0
402 43 1
403 397 0
404 402 1
405 400 1
406 405 0
407 90 1
408 280 0
409 88 0
410 241 1
411 406 1
412 302 1
413 88 0
414 404 1
415 43 1
416 411 0
417 149 0
418 100 0
419 70 1
420 414 0
421 60 0
422 416 0
423 422 0
424 4 1
425 253 1
426 231 0
427 425 1
428 418 1
429 425 1
430 309 1
431 309 0
432 424 0
433 26 0
434 432 0
435 159 1
436 152 1
437 249 0
438 423 1
439 66 1
440 437 1
441 432 1
442 351 1
443 192 0
444 435 0
445 181 1
446 122 1
447 237 1
448 445 0
449 35 0
450 448 1
451 449 0
452 447 1
453 344 0
454 452 1
455 314 0
456 76 0
457 453 0
458 403 0
459 33 0
460 457 0
461 454 1
462 452 0
463 455 0
464 454 1
465 457 0
466 50 1
467 443 1
468 346 1
469 459 1
470 465 0
471 464 1
472 214 0
473 162 1
474 466 1
475 151 0
476 474 1
477 239 1
478 201 1
479 474 1
480 476 0
481 67 0
482 53 0
483 480 1
484 465 0
485 475 0
486 247 1
487 229 0
488 146 1
489 366 0
490 78 1
491 483 0
492 490 1
493 484 0
494 485 1
495 463 0
496 487 0
497 494 0
498 77 0
499 498 0
500 307 0
501 496 1
502 495 1
503 501 1
504 102 0
505 497 0
506 446 1
507 501 1
508 504 1
509 262 1
510 503 0
511 363 1
512 489 0
513 205 0
514 513 0
515 15 0
516 286 1
517 512 0
518 14 0
519 506 1
520 95 0
521 514 0
522 518 1
523 521 0
524 306 0
525 521 1
526 518 1
527 525 0
528 455 1
529 527 0
530 522 0
531 84 0
532 524 1
533 411 1
534 533 0
535 243 1
536 150 0
537 156 1
538 536 0
539 533 1
540 299 1
541 199 1
542 532 1
543 81 1
544 538 0
545 538 0
546 539 1
547 539 1
548 187 1
549 542 0
550 548 1
551 550 0
552 490 0
553 218 1
554 327 1
555 90 0
556 547 1
557 442 1
558 51 1
559 300 1
560 552 1
561 554 0
562 483 0
563 560 1
564 390 1
565 562 0
566 560 1
567 566 0
568 566 0
569 561 0
570 40 0
571 563 1
572 568 1
573 570 1
574 217 0
575 378 0
576 568 1
577 360 1
578 572 0
579 578 0
580 578 1
581 344 1
582 580 0
583 425 0
584 525 1
585 578 0
586 579 0
587 585 1
588 151 0
589 588 0
590 583 1
591 477 1
592 353 1
593 314 1
594 593 0
595 357 0
596 593 1
597 155 0
598 88 1
599 590 0
600 597 0
601 463 0
602 478 1
603 596 0
604 595 0
605 597 0
606 602 0
607 597 1
608 373 0
609 478 1
610 286 1
611 603 0
612 605 1
613 39 1
614 401 1
615 477 0
616 610 1
617 443 0
618 336 1
619 611 0
620 30 0
621 616 1
622 616 1
623 615 0
624 620 1
625 223 1
626 618 1
627 580 1
628 619 1
629 201 0
630 628 1
631 190 0
632 601 1
633 464 1
634 633 1
635 630 0
636 455 1
637 147 1
638 506 0
639 607 0
640 637 0
641 435 0
642 637 0
643 260 0
644 99 0
645 639 0
646 642 0
647 615 0
648 281 1
649 648 0
650 569 1
651 538 0
652 53 0
653 46 0
654 169 0
655 162 1
656 654 1
657 230 0
658 139 0
659 127 0
660 651 0
661 514 0
662 134 0
663 508 1
664 13 0
665 415 1
666 665 1
667 664 1
668 49 1
669 660 1
670 350 1
671 664 1
672 638 1
673 667 1
674 466 0
675 672 0
676 674 1
677 377 0
678 677 0
679 95 1
680 675 0
681 674 1
682 471 1
683 39 0
684 153 1
685 123 0
686 645 0
687 357 0
688 683 0
689 682 1
690 606 1
691 323 0
692 240 0
693 307 0
694 686 1
695 72 1
696 692 0
697 691 1
698 693 0
699 267 1
700 325 0
701 692 1
702 694 1
703 240 1
704 218 1
705 42 1
706 700 0
707 705 0
708 404 1
709 307 0
710 588 0
711 487 0
712 137 0
713 166 0
714 376 1
715 710 0
716 391 1
717 708 0
718 716 1
719 718 0
720 380 0
721 384 1
722 564 1
723 307 1
724 146 1
725 17 0
726 725 0
727 724 1
728 720 0
729 725 1
730 151 1
731 48 1
732 206 1
733 496 0
734 728 0
735 128 1
736 735 1
737 733 1
738 729 0
739 731 1
740 243 1
741 213 0
742 451 1
743 631 0
744 649 1
745 512 1
746 743 1
747 373 1
748 742 0
749 199 0
750 34 1
751 750 1
752 620 0
753 744 0
754 86 0
755 370 0
756 565 1
757 715 1
758 754 1
759 753 0
760 751 0
761 753 0
762 206 0
763 290 0
764 756 1
765 726 0
766 277 0
767 177 1
768 764 0
769 762 0
770 766 1
771 767 0
772 765 0
773 763 1
774 764 0
775 769 1
776 771 1
777 341 1
778 543 1
779 564 1
780 456 1
781 199 0
782 357 1
783 563 1
784 220 1
785 775 1
786 506 1
787 780 1
788 780 1
789 785 1
790 465 1
791 186 1
792 466 1
793 788 0
794 793 0
795 295 0
796 540 1
797 166 1
798 790 0
799 796 1
800 794 1
801 793 1
802 796 1
803 637 0
804 759 1
805 164 1
806 802 1
807 692 1
808 802 1
809 227 1
810 802 1
811 803 1
812 803 1
813 688 0
814 812 1
815 810 0
816 242 0
817 502 0
818 521 1
819 366 1
820 819 0
821 812 1
822 820 0
823 818 0
824 407 0
825 824 1
826 824 0
827 824 0
828 532 1
829 822 0
830 141 1
831 656 0
832 822 1
833 258 1
834 524 0
835 751 1
836 361 1
837 835 0
838 836 1
839 253 1
840 132 0
841 839 0
842 836 0
843 292 1
844 577 0
845 47 1
846 842 1
847 842 0
848 185 0
849 839 1
850 847 0
851 845 1
852 645 1
853 846 1
854 847 1
855 197 1
856 849 0
857 626 0
858 855 0
859 854 1
860 91 1
861 725 1
862 855 1
863 422 0
864 342 1
865 864 1
866 856 0
867 863 0
868 238 0
869 316 0
870 211 0
871 862 1
872 866 0
873 261 0
874 865 0
875 630 1
876 868 0
877 870 0
878 227 0
879 877 0
880 875 1
881 874 0
882 831 0
883 881 0
884 879 0
885 72 0
886 879 1
887 884 1
888 283 1
889 881 0
890 785 1
891 766 1
892 888 1
893 860 1
882 93 0
771 355 0
586 738 0
385 229 0
277 855 1
501 63 1
893 9 1
177 74 0
521 483 1
695 590 1
357 540 1
226 876 0
438 187 1
795 729 1
337 496 1
511 186 0
452 798 0
51 562 0
813 890 1
298 60 0
222 681 0
642 539 1
320 673 0
500 457 1
548 811 0
442 560 1
12 325 0
135 822 0
301 297 1
719 301 0
841 706 1
626 665 1
603 798 0
434 336 0
550 349 0
449 489 0
496 748 1
358 343 1
481 439 0
