77 87 5
2 1 4
3 2 4
4 1 4
5 2 4
6 4 4
7 1 4
8 1 4
9 8 4
10 9 4
11 6 4
12 8 4
13 11 4
14 1 4
15 11 4
16 6 4
17 14 4
18 15 4
19 17 4
20 10 4
21 15 4
22 3 4
23 2 4
24 14 4
25 23 4
26 1 4
27 9 4
28 4 4
29 22 4
30 5 4
31 21 4
32 22 4
33 12 4
34 25 4
35 29 4
36 32 4
37 24 4
38 29 4
39 38 4
40 33 4
41 36 4
42 37 4
43 2 4
44 40 4
45 29 4
46 40 4
47 10 4
48 40 4
49 48 4
50 21 4
51 41 4
52 44 4
53 46 4
54 25 4
55 52 4
56 53 4
57 47 4
58 16 4
59 55 4
60 19 4
61 52 4
62 54 4
63 58 4
64 59 4
65 59 4
66 58 4
67 20 4
68 66 4
69 29 4
70 4 4
71 63 4
72 5 4
73 64 4
74 51 4
75 69 4
76 74 4
77 32 4
20 42 4
70 67 4
53 34 4
45 54 4
41 37 4
28 43 4
42 10 4
64 61 4
74 27 4
63 30 4
16 41 4
