89 94 3
2 1 1
3 1 1
4 2 0
5 2 3
6 2 3
7 3 0
8 3 2
9 7 2
10 4 2
11 4 3
12 11 3
13 11 3
14 10 1
15 8 3
16 11 2
17 10 2
18 17 0
19 10 1
20 18 0
21 2 2
22 17 3
23 1 1
24 19 1
25 23 3
26 22 2
27 17 3
28 20 2
29 2 1
30 26 3
31 30 0
32 4 3
33 27 1
34 28 3
35 29 2
36 24 3
37 27 1
38 30 1
39 34 3
40 32 3
41 17 0
42 32 1
43 33 3
44 39 3
45 41 0
46 16 0
47 4 0
48 43 2
49 38 1
50 34 2
51 42 2
52 49 1
53 46 1
54 41 3
55 54 1
56 2 0
57 30 3
58 51 1
59 49 2
60 18 0
61 60 3
62 45 3
63 53 0
64 56 2
65 64 0
66 64 2
67 59 3
68 66 3
69 62 2
70 67 1
71 62 2
72 64 0
73 63 2
74 54 0
75 72 2
76 67 1
77 67 1
78 72 2
79 48 2
80 76 0
81 76 1
82 78 1
83 76 2
84 78 1
85 81 3
86 1 3
87 84 2
88 84 0
89 82 0
75 70 1
6 31 2
8 75 3
48 34 3
7 69 3
13 50 1
