109 108 5
2 1 1
3 1 1
4 1 1
5 2 1
6 5 1
7 3 1
8 7 1
9 7 1
10 7 1
11 10 1
12 9 1
13 8 1
14 13 1
15 4 1
16 13 1
17 9 1
18 3 1
19 11 1
20 10 1
21 13 1
22 17 1
23 22 1
24 2 1
25 24 1
26 17 1
27 18 1
28 14 1
29 10 1
30 21 1
31 3 1
32 3 1
33 4 1
34 27 1
35 27 1
36 35 1
37 36 1
38 28 1
39 30 1
40 21 1
41 40 1
42 33 1
43 26 1
44 2 1
45 42 1
46 10 1
47 42 1
48 42 1
49 39 1
50 13 1
51 42 1
52 29 1
53 51 1
54 16 1
55 51 1
56 49 1
57 3 1
58 3 1
59 57 1
60 39 1
61 2 1
62 55 1
63 24 1
64 54 1
65 48 1
66 61 1
67 62 1
68 66 1
69 66 1
70 63 1
71 26 1
72 69 1
73 49 1
74 72 1
75 74 1
76 72 1
77 67 1
78 75 1
79 55 1
80 79 1
81 77 1
82 75 1
83 82 1
84 81 1
85 81 1
86 67 1
87 82 1
88 87 1
89 88 1
90 83 1
91 87 1
92 84 1
93 82 1
94 84 1
95 72 1
96 93 1
97 34 1
98 95 1
99 37 1
100 94 1
101 83 1
102 66 1
103 86 1
104 37 1
105 95 1
106 20 1
107 101 1
108 48 1
109 102 1
