5
10
528289 -433276 0 -1 1 2 -2 -1 -393632 -69736
10
0 -2 0 2 -2 2 3 2 3 3
500
8 1 0 -8 -4 9 7 -5 -8 -4 0 3 -4 5 -3 7 -6 -9 -3 -2 -3 -2 -1 0 4 8 0 6 -3 -2 -2 -8 -9 -3 -6 0 -4 -6 -7 -1 1 -7 -5 3 -3 1 1 0 9 9 -3 -4 6 3 -1 7 2 -3 0 2 -6 2 -1 -7 6 9 3 -2 -4 -7 -2 -6 -8 -2 4 -8 0 3 3 -7 -8 -1 -7 6 0 4 8 -1 6 9 8 5 -4 9 -3 0 9 9 -3 -6 -7 -5 3 7 3 6 9 5 -9 -5 2 -2 4 -2 5 -6 4 5 -4 4 8 -9 2 0 6 -5 4 2 -3 0 6 -8 -2 -9 9 6 8 2 3 5 -7 7 -3 -2 4 -5 2 4 7 1 1 -3 -8 0 9 -7 -4 -4 -5 2 -7 -9 7 -9 -9 6 0 6 -8 -8 -5 6 -3 9 -5 -6 1 -9 1 8 0 2 6 0 1 -3 6 -9 0 -4 -8 -3 0 -3 4 0 -3 -9 6 -4 -6 -5 1 0 -5 -6 0 8 0 9 2 -1 -7 -8 -1 -3 3 -2 -4 -9 -5 -5 1 0 1 -5 -6 7 -4 1 0 1 8 -1 -8 1 -7 9 -2 -2 4 1 7 -8 5 6 7 9 -7 -7 -9 -8 -4 5 -2 -6 -4 7 6 1 -8 -7 6 6 -3 0 0 3 -2 2 -1 0 6 8 -7 7 2 4 1 0 -8 2 -6 -3 5 -6 8 3 -5 -4 3 1 4 -5 -7 8 5 5 -8 -9 9 -4 9 1 0 -8 7 1 -5 5 7 -1 1 2 -4 -3 5 -9 7 7 3 6 6 -9 -7 9 8 4 -8 -1 1 2 7 -7 5 -6 -2 4 8 8 1 6 -8 2 -1 3 -3 -1 6 -8 4 5 -8 -9 -3 -5 -5 1 1 -8 8 3 -2 7 -8 -8 5 9 -4 5 2 3 2 -5 7 -9 -3 2 2 -3 4 7 0 4 4 9 -3 0 -2 -3 -8 -3 -5 9 6 -9 0 8 6 7 -2 8 -3 -4 2 8 8 3 -9 -7 9 -6 9 -6 8 8 -2 7 1 9 2 -1 2 2 -9 9 -8 -9 -2 1 1 1 9 0 7 6 -8 -2 5 -5 7 4 -9 -1 -7 3 -2 0 -5 7 -6 -7 -7 -3 -8 8 2 -5 -3 0 -8 -9 -3 9 0 -9 -6 9 5 -3 8 6 -8 -8 -9 3 0 2 4 -6 7 -2 5 3 4 3 -4 -3 -5 1 2 7 -1 -6 -9 5 8 2 -1 9
500
0 462806 462806 462806 462806 -462806 -462806 -462806 0 462806 0 -462806 -462806 -462806 0 462806 -462806 -462806 0 462806 0 462806 -462806 -462806 462806 -462806 0 -462806 0 -462806 462806 -462806 -462806 0 -462806 0 0 462806 -462806 0 0 -462806 -462806 -462806 0 -462806 -462806 -462806 -462806 0 0 462806 462806 -462806 0 462806 0 -462806 0 462806 462806 -462806 0 462806 -462806 462806 -462806 0 0 462806 0 462806 -462806 0 -462806 462806 462806 0 -462806 -462806 462806 462806 462806 0 -462806 0 0 462806 -462806 0 0 -462806 462806 -462806 -462806 462806 462806 -462806 0 -462806 -462806 -462806 0 462806 -462806 -462806 462806 -462806 462806 0 0 0 -462806 -462806 0 462806 -462806 462806 462806 0 0 0 0 -462806 -462806 0 0 462806 0 462806 462806 -462806 -462806 462806 0 -462806 0 462806 462806 0 0 462806 462806 -462806 462806 -462806 0 0 0 462806 462806 462806 0 462806 462806 -462806 -462806 0 -462806 -462806 462806 -462806 0 -462806 0 0 -462806 0 462806 -462806 -462806 -462806 0 -462806 462806 0 -462806 0 462806 462806 0 462806 0 462806 -462806 -462806 0 0 -462806 -462806 -462806 462806 0 462806 -462806 462806 462806 462806 462806 0 0 -462806 0 -462806 0 462806 0 -462806 -462806 0 -462806 -462806 -462806 -462806 0 -462806 0 -462806 462806 -462806 -462806 -462806 -462806 0 -462806 0 0 462806 -462806 -462806 -462806 0 -462806 0 0 462806 462806 -462806 462806 0 462806 0 462806 -462806 462806 -462806 0 -462806 0 462806 -462806 0 462806 -462806 -462806 -462806 462806 462806 -462806 -462806 462806 462806 0 0 0 -462806 0 0 0 462806 462806 0 0 0 462806 0 462806 -462806 462806 -462806 462806 0 462806 -462806 462806 -462806 0 462806 0 462806 -462806 0 -462806 462806 0 -462806 -462806 462806 462806 -462806 462806 -462806 -462806 -462806 0 462806 -462806 462806 462806 0 -462806 -462806 -462806 -462806 462806 -462806 462806 -462806 -462806 462806 -462806 -462806 0 0 -462806 0 462806 462806 462806 -462806 462806 0 462806 462806 -462806 -462806 462806 -462806 462806 -462806 0 0 0 -462806 0 462806 -462806 0 -462806 0 -462806 -462806 -462806 -462806 462806 0 462806 462806 0 0 462806 -462806 -462806 0 462806 462806 462806 -462806 -462806 -462806 -462806 0 -462806 462806 462806 -462806 -462806 -462806 0 -462806 -462806 0 462806 0 462806 0 462806 462806 -462806 -462806 -462806 -462806 462806 462806 0 0 0 -462806 0 462806 0 -462806 462806 0 0 0 0 462806 0 0 -462806 -462806 0 -462806 -462806 -462806 0 -462806 -462806 -462806 0 -462806 462806 462806 462806 462806 0 462806 462806 0 462806 -462806 -462806 462806 -462806 0 -462806 -462806 -462806 -462806 -462806 -462806 0 462806 0 0 462806 462806 0 -462806 462806 -462806 -462806 0 462806 462806 0 -462806 462806 -462806 0 -462806 -462806 0 -462806 -462806 0 0 0 -462806 0 -462806 0 0 462806 0 462806 462806 -462806 462806 462806 462806 0 -462806 462806 -462806 462806 462806 0 0 0 0 -462806 0 462806 0 462806 462806 0 462806
500
-748022 221143 -738311 -647210 260202 -861844 134347 814242 433132 542088 -940055 -523115 -463760 28235 -90233 -106138 529062 452977 -248298 -541294 495743 -97464 191218 -413740 -732304 238430 916885 239793 -744887 337717 906918 533574 -200407 410655 -299484 -112289 -239658 709197 825868 311738 710140 484821 840014 -92752 -954115 965624 326551 -797075 578062 -60928 -676091 -681510 285976 -402364 -818942 484619 -256025 700750 566187 -961145 959735 317627 -529518 -321723 -646067 130528 291988 -868494 505360 826797 -953064 -599136 703821 778220 121621 768574 365242 -454551 -35483 693424 999633 -422180 592640 280293 -214408 293907 -411067 126579 -520300 162820 162726 512602 -811697 -856318 -659348 76109 -694844 12870 -739526 319622 -1 0 0 0 1 1 0 -1 1 2 2 1 -2 2 -2 -2 -1 1 2 -1 0 0 -2 0 -1 -2 2 2 -2 0 0 1 -1 2 -1 2 0 0 -2 2 2 -2 2 1 1 2 -1 0 0 2 -1 2 0 -2 -2 1 2 -1 -1 -2 1 -2 2 -2 2 -2 1 1 1 -2 -1 -2 0 -2 0 2 2 0 2 0 -2 -2 -1 0 -2 1 -2 -2 -1 0 1 -2 -1 2 0 2 2 0 -2 2 1 -1 0 -1 0 -1 0 -1 -2 0 0 -2 -1 1 2 -2 -1 2 2 -1 2 -2 0 1 2 -1 -1 -1 -2 -1 -1 1 -2 2 2 -2 -1 0 1 -2 1 1 2 0 0 1 1 -1 -1 0 2 2 0 -1 2 1 1 1 -1 1 -1 0 1 0 1 2 -2 -1 -1 2 -2 -2 -2 -1 1 -2 -1 0 0 -2 -2 1 -1 -1 2 -2 -2 -1 -2 -1 2 1 2 -2 0 1 1 1 1 2 1 -2 -2 2 -1 -2 2 -1 -2 0 -1 -2 -2 2 -1 2 0 1 0 2 1 2 -2 -1 1 2 1 2 -1 -2 -1 -1 0 -1 -1 2 -1 0 -2 0 1 1 -1 0 1 2 -1 0 -2 2 -2 0 0 2 -1 -1 0 2 0 1 1 1 0 1 0 -2 0 0 0 1 1 -1 -2 -2 -1 2 0 -1 1 2 1 -1 1 0 -2 -1 0 2 -1 -2 2 -1 0 1 0 2 1 -1 0 0 756910 780435 -349999 -626956 425129 -622919 498587 126573 -152847 -515661 801516 698842 -47778 486766 -200781 76869 546128 -541780 913294 -545947 162821 881741 777552 -203779 -704849 -859939 127900 263961 -576573 -630254 -251705 -495897 -546462 437756 -494252 563786 982901 -470783 -321838 814168 -20042 -402453 616114 -613353 998332 -374321 -869364 322307 260075 597751 328987 677380 416865 343435 -281663 381365 -34010 290805 97211 -764152 -435061 680063 -13257 845749 777008 -998442 -995029 39122 -36271 360224 -304850 87693 213910 109468 823471 769684 615115 145558 -265895 648255 -436271 755340 -569246 307301 165387 -603556 689879 -35624 -935630 -299186 248046 341579 -422475 -460031 603680 716538 -879367 980349 695859 275339
