2170873
727015467
5204385
162451759
322131579
275935667
8181176
207732026
349169009
18895017
17738224
140725164
3964990
494935862
151283581
404855132
359049851
146722533
400393856
391530844
112221187
364642560
231724325
190602455
1787029
318899585
256942852
404855132
322892331
159084566
413945525
337810517
391070760
508892267
337810517
529208735
399871484
437590750
32306546
255408856
205505549
337810517
314070345
461746334
337810517
242020023
363315261
405153062
507704949
391070760
485826852
469468429
461746334
246783871
557451295
337810517
346509319
463026198
337810517
253913667
335743357
366101571
578542324
612024061
569961246
58175599
244679713
537846966
-1
259294950
15257085
316753225
2117603
519393633
30677757
28541744
199459393
299607403
90174475
383689487
128713381
343318110
330013411
392926271
311052356
285850315
286312228
411305086
169949153
200257126
330013411
107295180
565992113
281549793
103371069
110757603
196178885
451435338
29210256
157009215
213396922
232313208
603550415
234805195
176874454
33519444
151723989
522898049
460985003
178393298
454944695
90728456
286418263
285955703
751449542
70135721
595162905
535697913
603550415
506626891
362103159
279965093
535697913
244237825
716218709
537232164
537232164
537232164
486187044
662549755
486187044
694223200
486187044
675112634
646967306
817020391
678679759
721327812
736134069
-1
6009258
3430922
315928858
44583925
313873225
264787856
33116054
8907754
43612803
666262039
33701105
11238240
205760701
17120164
103001421
11478214
109866189
196101603
172454687
98307165
55910115
385120857
130385782
344949110
70402576
215035907
229591020
146014428
147880805
120682462
218391419
478869849
332411451
70577430
289836273
151078965
124050332
571130011
495259448
494408159
159061746
277769744
950569486
159061746
478229076
280199310
700894835
183410533
760047304
747334827
50164571
517736898
861086638
388553309
511295834
319465188
651454426
759468246
759468246
950569486
486370527
679233837
552998905
525104279
546276720
950569486
832657371
832657371
832657371
832657371
906036879
832657371
927905877
854563675
-1
469251055
255580709
146097165
142986481
7739671
103180503
101745743
21268496
204813315
309536904
153506834
153506834
195822811
365288437
280601377
213593508
153506834
513169471
513169471
528840713
235531465
427790128
513169471
513169471
211252511
321474107
199234765
513169471
539113096
513169471
188546537
213593508
513169471
520788077
440811525
456940753
589813553
547712117
365288437
472942215
419842010
417861129
421114631
314597831
314597831
930036664
274550547
520788077
542352767
520788077
520788077
663870928
646743357
589096082
755674953
771667359
755002181
771667359
-1
683840837
28562748
20515655
69768756
28201
215230137
77474111
80186100
53289835
225864352
16507507
74917658
55848424
113474052
223300
242625700
57505500
10834800
178478141
26113999
607985366
319340792
218839567
333238772
149998039
251131168
873996097
603015259
86902536
707799690
309009004
317936136
306574594
279631291
251354468
280998013
93750291
325186215
437424557
215964512
211479045
430032190
658740903
612762707
550668304
410438536
222233836
217283506
223988165
262393867
224756000
30867232
80186805
233821813
611424405
70443710
590346651
800636938
696571924
427618730
507270157
521044543
216819210
964252605
823240560
521044543
601218128
781336308
620829469
523793912
521044543
641525928
601218128
324528157
637158567
690993816
-1
249409479
7185586
32199211
196082481
122380984
252118748
44620212
121659934
961280368
78345763
60277744
34657583
30286870
108210865
217798753
292487341
37651756
187935309
107971066
203636378
64107161
228633467
110990941
989162063
327621815
158446375
308868419
225066912
311780325
157596701
131074972
574169191
364716846
110990941
395167467
259490295
876333275
388060106
327219512
232000269
60611397
353936709
290740385
512074077
45021896
371239349
274600217
578352416
425541455
336886059
289696513
105997007
662504444
425541455
346775137
120525913
226529984
269738732
610498127
586115820
330550724
528872061
302638619
578916331
621314823
599074914
497612688
796433042
-1
1635953
11985219
49682812
189266403
32366661
29078504
295923358
151396474
48101994
89241187
52744464
3816845
159566240
103816679
263927976
92744713
70582537
107517402
108313295
82624403
159566240
151049274
154670559
699018634
227265199
231673990
64407971
283190849
258257505
332985099
490029513
453685246
169696019
933909391
512326396
512326396
512326396
232764366
512326396
580429575
542333703
308002893
222160248
533136285
691253519
551964731
549097788
643966184
184531355
512326396
290663719
777046151
512326396
526518415
580230320
383611853
516145508
681679460
680649401
551964731
300253196
691253519
680649401
728882412
500673097
386895352
695072631
551964731
643117735
-1
225484871
241593101
292836665
488465977
121181285
307460010
220241742
371734399
264230756
132125743
176477724
346483690
922544850
470777193
283461393
180547913
677078852
124953102
677078852
507790289
677078852
500712015
677078852
677078852
124953102
86831122
486580531
423468187
677078852
677078852
677078852
486580531
677078852
677078852
472074268
857795025
677078852
677078852
784062521
423468187
489763052
377915053
17397044
677078852
605322142
602932369
605322142
423468187
677078852
677078852
756789956
677078852
677078852
500712015
674413638
10816911
225484871
673338183
677078852
975691193
225484871
677078852
677078852
677078852
908233885
303740086
603593576
697697547
262842698
921737976
423468187
-1
15032980
64747883
891952098
51657544
13163122
68267084
103982668
122803032
36646463
5497346
174925156
184065556
103982668
256836360
223595538
707831071
61437633
26709563
78016861
164749766
59277456
50168947
425417636
154964236
70447898
25768828
51538699
101471343
917769424
192990084
166086249
86889452
339442168
332115515
120040413
64988252
105499410
435378074
435774648
335401200
89921765
944478987
177028937
517534032
105006048
471459958
222766261
74103787
597733484
75138317
154851975
222962166
564056358
205519736
3064983
222962166
184438426
228718779
528340774
390544871
393354533
577386347
867568565
707831071
741115418
448257886
92596400
-1
3617425
802107226
188328296
172965553
17590348
88119988
100518278
41782165
80549020
23587373
91695903
391293526
257399915
72302758
16549540
680247730
191450273
308082366
282976300
421146132
202871936
160466645
279709148
269437957
315935702
269437957
281697561
342320507
364930281
552901332
523185900
269437957
217110777
292627523
308082366
391919430
269437957
269437957
445537844
282976300
118235062
269437957
920451433
564412968
269437957
299471999
542784088
684091215
269437957
427813592
455520354
573256862
409406184
432567795
554781050
483408883
391919430
445537844
704609507
486344837
445537844
564412968
794030392
845522841
935542619
720614713
564412968
595622115
564412968
762112499
-1
