10
100 100
5976604 9941594 12826811 39518873 52250649 58594065 84128328 84773369 113208254 142902937 149297332 151740060 155617507 183908561 186437027 186575375 187768910 196579059 197259757 201646785 222657061 243172875 249360824 253933418 259930787 260019986 315623865 350100716 364139267 377866478 392128911 400709989 415632886 432824269 443447556 459844228 465045847 470381840 506800892 507645037 521196706 521719078 523345212 541373661 547223822 556948002 563161748 574979321 575439405 575751801 589061623 592591540 602690977 611621384 617570129 621502226 634927878 636548660 647520827 651542934 653941200 655022683 664647710 712602689 716757568 720197479 721227674 725991522 735759162 736786989 746904688 748790323 754955848 762505996 768136108 770306981 783388360 795596594 840223721 869517051 873617204 879309451 886164043 899999961 907291251 910048647 912151270 912495636 912537150 921590562 927523823 929274408 935704999 945798811 954600016 963305102 968011545 970671235 972458264 984143384
2 75 76
2 9 79
1 20 22
2 85 88
2 32 47
1 15 72
2 34 42
1 59 64
2 32 36
2 91 93
2 45 53
2 56 98
1 29 89
2 93 95
2 18 20
2 9 24
1 8 23
2 1 2
2 26 72
2 76 88
2 39 56
1 18 35
1 49 66
1 25 45
1 42 62
2 54 98
2 9 25
2 41 82
2 29 49
2 4 12
2 46 56
1 3 28
2 20 33
2 1 18
2 98 99
1 37 67
1 71 75
2 53 70
2 63 84
1 40 78
2 34 71
2 30 39
2 74 76
1 1 41
1 16 56
2 40 85
2 30 40
1 52 96
1 20 66
2 40 48
2 3 21
1 22 69
2 29 39
1 8 21
2 30 82
2 42 65
1 25 88
1 21 61
2 7 26
2 93 94
2 64 81
2 74 77
2 15 21
1 39 94
1 1 22
2 61 64
2 36 69
2 19 41
2 68 80
2 38 45
2 45 51
2 4 45
1 87 91
2 19 48
2 35 92
2 5 12
2 36 89
2 67 84
2 29 84
2 33 37
2 56 62
1 60 80
1 20 97
2 40 86
1 15 95
2 27 28
1 15 97
2 65 82
2 57 89
2 13 15
2 31 75
1 8 95
2 4 60
2 32 95
2 88 96
1 3 95
2 68 72
2 34 74
1 1 100
2 49 65
100 100
6335840 36457570 44029862 57005573 73240118 84123509 95235627 108440839 125890269 127976284 148974001 157298042 174826043 185410102 215253370 220553218 227433763 227729736 238552307 238733887 254072662 258111520 276389205 310635023 311281674 313910818 317477943 323924287 326517287 326550032 327848398 339875816 345623271 353205211 365853984 384513271 397427672 412202497 417723310 431177362 435343277 456195255 485963686 506403533 506971481 518299591 520491212 531605574 537645882 599592550 604242705 612500161 612897249 629315087 643303257 661360867 666275187 671988556 681247148 687488663 706634874 725385126 736932013 742653534 743451267 746731775 756001920 756139993 756251131 757785382 764431373 769880781 779193655 787341224 789458827 790112242 798106956 807039618 814001887 814197279 822407718 824103633 829258972 831307363 835581362 841481526 843317920 848700144 860314471 889314341 892766124 896930931 901685161 912965806 912972266 915580154 917723903 921544171 942910660 992590577
2 34 52
2 79 83
2 30 55
2 74 75
1 15 20
2 28 87
2 17 22
2 78 85
1 41 98
1 17 81
2 65 66
1 56 70
2 55 70
1 50 65
2 7 14
2 41 51
2 80 86
1 71 89
2 50 65
2 53 71
2 47 61
2 37 48
2 25 44
2 9 38
2 48 90
2 6 21
2 64 80
2 53 76
2 30 31
2 22 79
2 56 84
2 26 28
2 10 20
2 66 87
1 38 72
1 75 83
2 30 58
2 3 5
1 51 89
1 17 99
2 85 96
1 58 97
2 73 94
2 14 39
1 30 70
1 18 81
1 24 65
2 29 82
1 40 79
2 70 72
2 24 37
2 16 20
2 13 30
2 29 65
2 48 77
2 80 88
2 49 97
2 24 25
2 44 45
2 61 62
1 45 100
2 1 70
2 12 17
1 6 61
2 37 93
1 47 87
1 10 68
2 35 52
2 31 82
1 39 73
2 43 72
2 8 41
2 27 34
2 16 63
2 20 27
1 69 71
1 45 56
1 19 76
1 1 69
2 5 75
2 24 34
2 36 53
2 18 19
2 52 65
2 7 58
1 12 93
1 12 29
2 50 80
1 8 90
2 10 75
2 68 83
1 5 97
2 27 93
2 33 100
2 9 99
2 26 88
2 2 64
2 14 87
1 1 100
2 71 89
100 100
7305589 20380171 25927571 35845411 42286475 49001033 52517629 57470160 63833156 68897209 71707913 77676997 83232023 122595000 126186909 142207240 144430503 148358334 150393704 152152664 154839853 157881106 160471581 165935884 168346770 185466934 188897856 194277787 196171021 199051938 203392414 207649235 208062779 225697008 234310988 278640209 296239139 298461733 315588804 321598062 326649167 326770777 329200343 330335793 348719393 350198804 373441602 373521782 395858898 420601380 428642958 473226883 484530223 493676116 518322355 527230109 531862628 532409868 543409192 544260481 553492904 553582309 560304494 611434335 620131044 630806335 642699635 643547247 664336783 686539426 693740901 740808008 745670655 749895868 755099161 768835509 772033483 780979755 781243340 782142507 796335860 808469279 809048337 859705159 860446904 865566138 874177719 874943846 886182086 892715945 910087671 915161383 924448185 926417050 949819035 951200764 955957716 962917583 976906910 999570519
2 39 40
2 26 27
1 36 39
2 42 67
2 51 52
2 63 87
1 9 14
2 60 83
2 24 30
2 55 56
2 97 100
2 16 82
1 48 59
2 90 94
2 88 89
2 41 58
2 25 26
2 8 23
1 10 29
2 29 32
2 5 20
1 78 100
1 61 84
2 75 96
1 3 32
2 22 44
2 44 51
2 20 22
2 49 78
2 12 29
2 49 72
1 51 55
2 46 50
1 59 89
2 36 54
2 30 51
2 55 69
2 18 37
2 79 89
1 42 80
2 1 34
2 26 69
2 63 90
2 33 36
2 40 64
2 13 35
1 7 100
2 16 17
2 33 65
2 32 60
2 10 59
2 11 26
2 37 42
2 78 100
2 19 29
2 52 56
2 10 43
1 6 73
2 72 74
2 23 34
1 2 61
1 40 99
2 10 83
2 80 81
2 1 8
2 4 58
2 81 91
2 39 49
1 22 89
2 19 61
1 21 92
2 10 42
2 56 71
1 2 76
2 19 82
2 7 82
2 90 100
1 32 88
2 27 54
2 25 70
2 37 63
2 26 58
1 12 93
2 14 62
2 53 100
1 6 90
1 1 87
2 7 58
2 63 67
2 31 48
2 39 54
2 2 94
2 5 12
2 86 99
1 7 100
1 23 65
1 3 99
2 28 79
1 1 100
2 68 81
100 100
5073969 20745211 23056011 46519721 50126549 52624921 61344809 66335512 88336532 93455928 96225961 141104808 141307709 143444042 159632728 180108452 188480490 190221191 218718916 225164630 249519004 265520466 277891785 281649694 294671091 301346588 302619209 329204045 340076874 340517820 357172782 392224371 400987112 407863388 412924315 415213437 419320614 445863781 453220290 461593825 467599202 471274294 508867711 517647904 523358578 526638408 530075416 533914682 552786086 568401732 568954385 575841886 576364054 580370636 586297227 590817998 595120140 600429957 610558764 614138662 616884724 620715476 629762028 641132121 652276945 656030515 656833486 663636078 669291499 677225264 680420805 686027119 697743202 698994768 707463684 708019042 713486386 715094058 721891406 722461219 730200890 735446680 740199285 752020851 759725634 761386656 791740191 804975736 832602902 843869846 863471323 884739819 894735107 904665204 935110633 935783405 951775811 962535072 970978145 983039888
1 16 79
1 30 33
2 13 59
2 34 36
2 53 54
2 26 27
2 80 81
2 89 96
1 39 45
1 49 57
2 62 66
1 3 70
1 53 64
1 52 90
2 91 92
1 28 41
2 44 45
2 35 47
2 65 78
2 56 60
2 46 57
1 81 98
2 31 44
2 18 26
1 1 47
2 43 53
2 66 75
1 50 89
1 2 26
1 14 48
2 11 19
2 12 20
2 1 5
1 47 74
1 39 67
1 61 90
1 64 94
2 82 99
1 43 74
2 25 29
1 19 52
1 44 69
2 11 22
2 11 17
2 85 97
2 33 34
2 56 84
2 18 41
1 9 49
2 13 69
2 6 38
1 13 56
2 48 58
2 43 47
2 14 40
1 20 71
1 38 91
2 17 61
2 24 62
1 2 57
2 22 36
2 5 59
1 58 84
2 2 49
1 8 66
1 1 60
1 7 66
2 31 72
1 35 96
2 21 77
2 27 28
2 48 89
2 26 51
2 35 71
2 57 68
1 3 11
2 1 95
2 70 72
1 24 92
1 17 100
2 17 69
2 74 77
2 19 32
2 56 69
1 13 91
2 30 88
2 10 83
1 21 100
2 39 81
2 73 96
2 94 97
2 34 95
1 10 96
2 75 97
1 6 94
1 1 89
1 9 99
1 2 92
1 1 100
2 48 83
100 100
2068312 4525698 13133648 21756485 32204222 61249323 70281257 72512022 77453754 84712503 92116555 93128666 95818603 101073497 105005018 111706210 121950536 121978737 184076929 188531476 191280845 204027101 211165489 213547357 213877478 223123459 232966370 270240133 283483159 286005323 286460481 291351589 292292735 293644769 301195520 303127535 323643190 323866490 324131882 339840572 351150269 353510035 376596773 379086616 380894151 381521026 382120958 390448158 397698237 404440104 446736447 455728521 457038616 470099585 487279779 494368203 495840805 507522872 520018645 539501397 561342787 563681532 574267037 576840898 596622558 639164767 652470982 663896502 673730150 676961301 680497388 686689626 687153922 712325388 721383779 725110597 728776146 728819876 730324116 752867759 762490029 786197743 796283428 802705250 816892737 817070596 844106726 853795839 871381818 885225224 895752582 897718315 903973132 911339223 921411080 937348291 966320917 976999139 981107979 994883665
2 25 92
1 4 5
2 97 100
2 36 37
1 86 91
2 94 99
1 67 80
1 18 26
2 17 18
2 33 58
2 25 32
2 23 32
2 41 50
2 64 84
2 82 84
2 47 53
1 47 60
2 65 67
2 45 56
2 37 38
1 35 49
2 63 85
2 40 41
2 33 36
2 15 29
1 9 73
2 90 94
2 9 71
2 2 38
2 14 32
2 44 54
1 36 56
2 75 89
1 70 92
2 32 37
2 4 91
2 25 85
2 86 91
2 2 74
2 31 46
1 31 67
2 34 48
2 10 44
2 72 97
2 20 38
2 15 42
1 33 86
2 1 13
2 25 49
1 7 52
2 37 77
2 75 96
1 13 61
1 35 83
2 1 24
2 46 75
2 4 71
2 47 100
2 36 88
1 35 91
1 35 91
2 55 57
2 7 29
2 72 73
2 70 71
2 16 37
2 24 30
2 9 11
2 2 10
1 22 85
2 68 70
1 23 87
2 21 84
2 1 8
1 1 68
2 18 27
2 1 84
2 5 77
2 54 87
2 48 87
2 39 72
1 54 80
2 73 82
2 1 97
2 8 91
2 32 36
2 14 19
2 24 100
2 27 88
2 20 58
2 27 48
2 5 15
2 13 51
1 2 97
2 67 84
2 40 81
2 30 95
1 1 100
1 1 100
2 26 98
100 100
6303953 9635165 13489539 38710335 46114292 53962091 54657061 61669976 66433871 80989313 81130871 82886015 99321732 101848872 124380737 141565287 144707342 159678829 161567599 169880841 170681409 177750620 179221965 183329910 186740002 190052817 197160178 197807121 198234611 201678224 212408466 220503438 249605285 279468729 308942572 320714509 327073619 333101536 335810805 336854677 354157317 355885477 365742416 371067488 381583906 389137803 400737228 417999602 419724291 444974882 454265036 455510244 461534447 462839300 465903796 477436954 490819897 494956300 503916641 510381249 518615208 534041237 536538527 540600072 547318168 548359827 557762190 564719091 585220284 592419773 603067757 608637571 615507154 617877281 628826252 629575558 656612419 658715902 665733256 671104843 702734731 708094026 726821034 729501796 739712543 778296879 794681180 800536788 804216152 818058306 833704483 860869405 883007882 885245886 915207093 945510164 957231160 967584321 975655007 998797228
1 66 67
1 9 68
2 39 41
1 39 42
2 1 3
2 93 95
1 39 44
2 46 50
1 21 26
2 54 59
1 28 34
2 38 42
2 64 65
2 20 24
2 1 98
2 85 90
1 38 48
2 66 72
1 18 31
2 67 70
2 69 73
1 73 90
2 19 20
2 18 34
2 25 41
2 9 13
1 5 25
2 17 33
2 67 79
2 45 49
1 7 60
2 68 75
2 77 94
2 89 95
2 2 100
1 22 54
2 13 45
2 27 31
2 78 98
2 72 91
2 33 43
2 90 99
1 50 84
2 74 81
2 7 75
2 32 60
2 89 95
2 26 54
2 82 98
2 13 99
2 27 61
1 6 46
1 14 55
2 2 40
1 26 70
1 46 93
2 44 48
1 11 60
1 12 62
1 48 84
2 4 13
1 30 81
1 19 74
2 41 75
2 27 40
2 52 98
2 2 7
2 40 62
2 29 36
2 40 95
2 31 61
2 66 89
2 35 39
1 7 65
2 10 17
2 32 93
2 31 59
2 27 47
2 87 95
1 13 23
2 78 84
2 73 83
2 5 77
1 3 78
1 24 100
1 2 79
2 8 70
2 9 40
2 79 82
2 19 35
2 3 69
1 2 85
2 79 88
2 36 85
1 5 97
1 5 98
2 14 59
2 56 95
1 1 100
2 40 91
100 100
8801766 13585537 27944477 34049859 36434507 51709302 70700148 73815858 80438692 82458492 87096336 97363252 115957324 145169382 154384403 159677953 164129472 170983595 176337523 178217550 184473001 193333121 213551505 217868049 230962014 241566132 242301561 263558922 267059271 271802733 299465485 309054962 316804659 373117745 379881830 381517783 386564216 392413619 395697118 397363029 409889137 411738200 421874356 445829593 450039020 456043876 471557168 482293006 493890946 507275855 509474863 511370798 524700593 526759700 530546857 541938051 546536604 562570522 564333460 567288389 569998417 575210842 589032086 601158266 645174510 647687944 651919501 652767950 672279709 689413431 699858086 713966996 742099086 753821402 756001239 784739894 798737218 803674765 803887765 813737706 824535058 836742494 843410242 863574383 869109155 891512236 895349185 899918650 907430219 916190181 922215533 926034645 954357850 956730529 961853868 990318712 991608811 994135557 997785543 998484119
2 35 36
2 41 43
2 43 47
1 24 71
2 53 57
2 82 85
2 21 23
2 39 51
1 85 91
2 58 59
2 83 86
2 11 19
2 20 25
2 96 98
2 26 34
1 33 54
2 71 78
2 45 50
2 85 95
2 18 26
2 7 20
2 66 75
2 83 92
1 37 54
2 23 34
1 43 61
2 66 77
2 15 32
1 76 95
1 4 24
1 22 33
1 50 73
2 31 100
2 21 42
2 48 61
2 70 72
2 55 80
1 39 66
1 38 66
2 1 29
1 42 100
1 41 71
2 29 57
2 66 88
1 13 72
2 80 84
1 28 62
2 12 29
1 6 41
1 27 65
1 2 90
2 3 95
2 76 83
2 64 76
1 44 91
2 66 73
2 21 26
2 60 73
2 72 96
2 35 67
2 23 33
1 39 90
2 22 25
2 6 56
2 25 77
2 76 95
2 34 76
2 13 68
2 9 22
2 62 67
1 2 34
2 20 31
2 14 84
2 72 75
2 39 87
2 32 63
2 30 38
1 27 91
2 49 55
1 28 94
2 33 100
2 27 84
1 5 75
2 71 72
2 29 32
2 25 80
1 15 89
2 27 87
2 22 87
1 15 91
1 90 95
2 32 51
2 38 39
2 25 72
2 87 93
1 14 100
2 28 67
1 8 97
1 1 100
2 27 36
100 100
14851034 17830911 17849596 33719819 35227955 42013931 46044866 47032866 49472519 49648998 51059091 55073961 58531784 84648211 85886028 87797743 104680718 145293021 160181057 160212071 187565530 203508188 207556919 222356510 237257389 260712826 268326137 276821056 298070653 318689348 325481958 328064620 338968041 349308314 352684917 369066047 406962354 413143008 422929289 458696142 460631837 507302223 521808486 522641323 524991007 535939970 536852636 552116909 564181504 576129543 579862737 581896120 589871940 605462057 638160324 638821531 640550097 643512127 649284510 652954584 679074329 688308190 708566138 709641593 731257094 731537444 737803226 754664779 758213913 770470373 775526458 778922397 792017911 800452728 803680816 815220287 819290476 822125928 846521686 848430221 853955158 863642457 874586915 884355614 893022980 903925743 907861458 912691373 916461936 923300104 924565419 926083481 933001905 942788845 945892286 952367122 956965931 957772805 993522104 995768200
1 6 99
2 25 26
1 94 97
1 9 12
2 24 28
1 33 34
1 66 73
1 9 61
2 29 32
1 75 84
1 9 56
2 42 48
2 83 85
2 62 63
2 71 81
2 31 37
2 66 71
2 82 89
2 77 91
2 59 69
2 11 98
2 45 57
2 16 30
2 76 86
1 38 58
1 31 100
2 54 95
2 8 19
2 86 90
2 1 44
2 57 77
2 37 46
2 49 70
1 23 51
2 65 81
2 11 19
2 3 17
2 39 43
2 14 40
1 13 44
2 62 100
1 42 78
1 33 69
2 35 69
1 30 67
2 42 94
2 37 43
2 64 90
1 33 42
2 52 71
1 38 80
2 7 42
2 5 85
1 26 73
2 78 96
1 32 79
2 88 89
2 19 77
1 18 67
2 32 40
2 30 45
1 26 78
2 36 38
2 2 5
2 69 71
2 47 57
2 52 55
2 5 57
1 34 90
2 10 40
2 41 97
2 68 80
2 16 73
2 46 86
2 70 84
1 14 89
2 42 46
1 18 84
2 7 64
1 13 93
1 22 94
2 5 7
2 5 26
2 56 63
2 83 84
2 2 99
2 9 26
2 82 91
1 34 80
2 75 85
2 77 88
2 3 92
2 16 33
2 55 56
2 29 93
2 25 29
2 8 97
2 12 40
1 1 100
2 26 50
100 100
9833781 15092140 26869002 35555154 38620137 52721307 89195927 94233816 94665500 110969492 113758454 120112866 128151554 128517854 153511272 157448994 159300671 164798017 166116978 172250677 174199410 175957744 179280100 187447642 198063903 198457146 203482750 203680219 207142080 207353138 210663272 219993580 223959170 234180994 241097641 254982615 258321415 258517320 258858000 259010682 264273933 273551685 274964841 297851051 299807895 318261038 330156170 346501356 374482577 426100025 439230460 444790917 452859138 464189498 483813040 485626787 492953440 500254275 505549143 514977667 528241695 563409959 563895928 578928908 589285920 599611512 612941501 621363292 630879062 640956509 667878596 681793851 682800925 694550190 715511346 726770894 731251422 739454541 751244756 756283372 764839151 779735555 794711057 814431702 844969687 846077046 848421721 852421594 854894120 861342343 868970440 870911072 901785879 922369621 945043842 952832023 953324578 956764492 968025955 980034141
2 63 64
1 2 4
2 49 51
1 31 70
2 1 93
2 39 40
2 19 23
2 66 69
1 42 45
2 63 64
2 32 47
2 13 18
2 17 18
2 57 69
1 58 67
2 55 57
2 63 64
2 44 54
2 9 46
2 15 90
2 68 73
1 52 66
1 64 70
2 97 100
1 21 87
2 8 20
1 16 93
1 31 54
1 43 52
2 38 46
2 8 15
1 67 93
2 20 28
2 55 64
1 33 92
2 1 18
2 19 33
1 22 54
2 16 23
2 93 97
1 52 90
2 16 36
1 17 57
2 4 97
2 26 48
2 80 81
2 3 11
2 16 57
2 48 56
1 40 97
1 45 81
1 12 18
2 35 42
2 10 22
1 39 50
2 33 40
2 14 63
2 59 65
1 38 95
1 45 48
2 68 73
2 11 28
2 4 100
2 82 89
2 51 89
2 30 38
2 13 66
1 20 82
1 13 76
2 4 37
1 34 52
2 2 7
2 46 79
2 5 11
2 28 43
1 5 72
2 16 38
1 8 76
2 42 66
1 9 79
2 79 84
2 4 5
2 11 38
2 22 32
1 48 93
2 37 41
2 11 63
2 15 50
2 62 84
1 8 89
1 27 97
1 6 88
2 13 67
2 7 98
2 17 84
2 6 82
2 43 55
2 11 13
1 1 100
2 28 73
100 100
8948683 17469226 18580601 20460319 29374570 30577563 42167974 50175751 59359585 74229854 87016814 117841297 122173302 131074794 140033867 157775628 163955467 181442221 186188757 193757098 208431370 221024034 248606397 267411486 273889652 280734128 290385351 303923694 331291362 334081232 343439215 361093565 366190342 385197470 390519118 390969557 395619597 408264844 409870865 431559203 443957493 445527572 446836624 453767465 467451376 478786493 482403918 493285214 513018777 519155769 519620231 531767511 558352705 561323609 566070231 568043289 571099314 572970441 573361651 583632842 587178421 591777219 604570798 619859396 633073521 639320753 644365617 646244201 664949258 710830985 725069826 729563396 731737286 736491489 754411819 757618618 759445619 761983878 766911258 767475117 771061182 791278083 802979075 809706700 812286306 824534792 825954181 854471524 866436487 887427727 905115249 912049886 919521878 919578930 926900954 927941762 944491302 965812801 970627184 995864324
2 46 47
1 32 84
2 20 100
2 51 52
2 66 67
2 95 97
2 37 40
2 39 41
1 16 22
2 13 17
2 73 75
1 29 95
2 3 7
2 36 37
2 63 100
2 40 54
1 2 11
2 21 26
1 60 69
2 96 97
1 73 84
1 1 58
2 19 89
1 5 19
2 74 86
2 64 66
2 27 33
2 28 71
2 71 88
1 26 45
1 32 51
2 80 90
2 32 60
2 36 41
2 42 64
2 44 50
2 68 77
2 47 68
2 21 38
2 4 15
2 8 15
2 32 37
2 70 80
1 10 40
2 26 31
1 17 32
1 17 50
2 64 69
1 48 84
2 18 51
2 49 55
2 29 56
2 47 88
2 27 43
2 84 86
2 50 58
2 8 99
2 1 45
2 51 57
2 25 56
2 6 7
1 48 100
2 22 91
2 33 40
2 35 73
1 67 96
2 12 56
2 19 77
1 11 24
2 17 25
2 45 74
1 3 56
2 3 32
2 79 98
1 25 89
1 24 89
2 18 28
1 12 74
2 81 87
2 4 71
2 37 43
1 16 94
1 8 86
2 62 63
1 5 53
1 2 100
2 29 58
2 11 83
1 7 95
2 1 88
1 7 96
2 2 97
2 64 72
1 7 99
2 45 55
2 60 63
2 52 53
2 80 81
1 1 100
2 52 80
