1000 1
2 4
5 11
10 7
5 7
11 7
50 20
2 11
8 10
2 20
11 13
18 13
14 17
13 17
14 16
11 18
5 2
11 19
11 20
2 50
31 23
21 23
26 24
23 26
23 30
23 27
30 28
27 30
50 23
21 50
39 33
40 32
45 32
34 38
32 39
34 37
35 37
34 39
32 42
23 47
40 42
45 43
31 47
47 45
47 50
49 47
45 42
45 31
2 71
53 51
50 53
50 55
50 65
50 56
62 56
62 57
62 60
57 60
58 60
50 62
50 54
65 63
67 65
62 65
50 71
71 67
65 71
71 69
68 71
80 71
79 72
1 80
73 77
74 76
73 76
72 78
71 79
77 72
2 80
80 82
1 82
104 96
83 96
84 89
96 89
86 88
86 84
86 89
84 96
90 96
91 93
96 93
91 96
94 96
83 104
102 97
103 97
104 97
82 104
102 98
100 102
102 99
1 104
107 105
121 118
104 107
113 108
112 109
113 109
110 112
107 115
115 108
115 113
104 115
121 115
116 118
115 118
104 121
104 161
119 121
121 161
122 130
123 125
123 126
129 127
130 126
130 127
123 130
122 138
135 131
131 134
136 131
132 134
138 136
131 122
161 138
136 122
122 161
161 140
140 142
160 142
142 144
142 159
144 147
145 147
149 147
144 159
144 158
144 150
158 156
144 152
144 153
144 154
154 158
155 158
150 152
147 150
140 160
138 140
161 163
161 1
1 164
1 163
234 165
1 165
196 167
202 197
168 170
167 195
188 172
170 192
167 170
171 189
175 177
175 178
187 178
186 178
178 180
170 189
180 183
180 182
180 186
183 185
183 186
178 174
173 188
172 189
170 190
192 190
187 173
167 197
178 173
192 194
170 195
192 195
201 197
227 197
198 200
197 200
227 167
224 203
233 167
224 207
207 205
204 207
203 207
207 210
210 212
212 216
208 210
210 217
218 210
213 216
213 215
210 216
224 218
210 224
218 220
202 224
218 223
220 222
220 223
202 226
224 226
202 227
165 233
166 233
233 228
233 229
229 231
229 232
227 233
165 267
234 267
249 238
236 238
235 238
263 238
242 240
239 242
247 244
239 243
243 247
239 247
245 247
239 248
239 249
235 263
263 251
253 251
250 263
249 263
263 254
263 256
258 256
263 255
263 258
262 259
259 261
258 262
253 263
235 267
263 265
1 267
263 267
266 263
267 270
271 267
267 269
1 271
272 277
272 274
1 277
271 277
276 272
274 276
279 277
314 279
277 314
312 284
281 284
281 283
280 284
284 287
295 287
284 295
284 286
287 290
288 290
295 293
295 292
290 295
291 295
280 313
295 309
296 309
297 304
299 301
297 301
299 297
304 302
296 305
302 297
304 296
296 306
296 308
306 308
295 312
309 311
295 311
280 312
280 314
1 314
323 320
320 318
316 320
316 318
315 320
320 314
1 323
320 1
333 323
333 324
333 325
325 329
329 327
325 327
333 330
334 323
330 332
329 333
340 323
322 320
334 336
1 340
334 337
334 338
334 339
1 343
1 341
340 334
1 349
348 345
344 348
1 356
343 341
347 345
356 349
350 352
353 349
349 352
356 353
348 343
354 356
348 1
1 357
378 360
357 360
358 360
360 362
1 378
378 363
378 364
362 378
377 366
378 366
367 377
372 369
372 370
368 374
368 377
372 374
369 374
374 377
375 377
364 366
419 394
381 379
383 379
391 379
381 383
379 390
379 384
384 386
379 387
379 386
388 390
387 390
435 391
378 391
394 391
394 392
435 378
394 396
394 397
394 398
394 400
394 399
435 394
417 401
406 401
405 403
406 402
408 406
403 406
413 406
406 409
413 410
400 419
413 411
417 406
409 413
400 417
417 415
413 417
419 417
415 413
435 423
357 378
420 423
421 423
419 423
419 435
424 426
429 427
429 426
424 430
424 429
424 435
433 431
435 431
431 434
424 431
378 446
435 445
436 441
436 442
441 439
442 445
439 436
438 436
445 443
436 445
435 446
1 446
449 447
446 449
446 456
456 451
450 456
454 452
456 452
456 454
463 457
449 456
446 502
460 462
457 462
459 457
457 460
456 494
456 475
494 475
464 466
466 468
463 470
473 470
474 470
468 470
463 466
466 470
471 473
479 476
470 475
479 475
463 475
477 479
456 463
484 482
494 480
481 484
494 486
480 484
480 485
485 494
489 487
486 489
479 494
490 492
489 492
489 493
486 493
456 502
500 497
501 497
456 495
497 499
497 495
495 502
495 501
446 503
1 503
1 504
1 505
505 507
505 508
510 508
505 511
505 510
505 518
505 512
512 515
512 518
514 512
518 516
515 518
1 518
518 520
525 527
518 521
521 523
521 525
521 524
521 1
521 540
534 531
525 540
528 531
528 530
527 531
531 533
535 531
527 539
527 535
539 536
536 538
539 535
527 540
1 540
561 547
547 544
541 543
541 544
547 545
541 561
559 547
548 550
547 550
547 551
559 556
560 547
553 556
553 555
552 556
551 556
556 558
547 556
541 547
540 561
540 562
1 563
568 564
567 564
581 563
540 563
566 564
570 568
581 568
563 568
570 581
574 572
575 572
571 580
572 576
571 576
576 578
576 580
576 579
571 581
1 581
581 583
581 591
583 588
588 586
581 590
583 586
584 586
588 590
583 590
1 591
591 606
592 600
594 600
594 597
594 596
594 592
597 600
601 592
598 600
603 601
592 606
592 603
603 606
604 606
1 607
606 1
607 609
607 614
612 610
609 612
607 612
1 614
612 614
618 615
618 616
614 618
614 630
618 620
618 630
620 629
629 622
621 629
623 629
629 625
628 626
623 625
626 629
618 629
1 630
633 638
630 633
636 633
631 633
634 636
633 637
630 638
1 638
649 639
638 649
639 642
645 643
640 642
642 649
643 646
649 647
643 647
642 647
651 649
638 651
638 659
655 653
655 652
651 655
638 664
659 657
659 656
651 656
651 659
664 660
664 661
1 664
662 664
664 670
668 670
664 668
666 668
664 666
664 671
660 638
664 678
664 675
672 664
1 678
673 675
675 678
676 678
675 672
682 679
682 680
678 682
678 683
1 683
683 697
684 687
684 688
684 686
683 688
688 697
698 725
683 726
691 693
696 689
696 694
693 696
690 696
689 697
693 690
726 698
699 701
699 702
699 703
705 703
699 705
725 705
705 708
705 707
705 724
718 710
705 723
723 710
711 713
711 716
716 714
713 716
709 723
716 718
708 723
718 711
718 722
718 723
719 721
722 719
699 725
1 726
697 726
736 728
733 731
726 736
730 728
730 736
730 733
727 736
733 735
733 736
726 757
752 738
757 737
726 737
743 740
743 745
746 743
751 747
741 743
740 746
752 746
749 747
750 747
738 746
752 747
739 746
757 752
753 757
757 754
738 757
754 756
1 757
757 759
762 760
757 760
757 764
764 762
757 762
767 765
757 767
757 765
1 767
767 775
772 770
769 772
768 775
769 775
775 772
775 773
777 775
767 791
791 779
791 778
767 777
785 791
780 783
780 782
791 783
787 785
767 778
785 783
791 787
780 791
788 790
787 790
767 792
803 801
803 792
798 795
798 796
800 795
792 801
794 801
794 800
798 800
767 803
794 792
1 803
806 804
803 806
1 806
810 807
814 807
807 809
1 814
810 812
807 1
810 814
1 816
813 810
816 819
816 814
817 819
823 819
1 823
820 823
820 822
826 823
1 819
823 825
1 826
1 831
826 828
826 829
826 831
831 844
830 826
832 843
839 836
834 836
832 844
842 840
837 839
836 840
833 842
834 840
833 840
842 832
831 845
1 845
1 851
851 848
850 848
851 847
845 851
847 845
1 852
853 856
1 853
856 854
853 858
853 857
1 858
1 860
858 860
1 861
861 863
869 863
875 863
863 868
864 868
867 864
866 864
876 863
873 875
869 873
871 873
863 873
870 873
861 879
861 876
876 879
877 879
1 879
1 892
879 881
881 887
881 883
886 884
881 884
881 886
879 887
887 891
889 891
889 887
879 891
891 1
1 893
1 894
899 895
900 894
895 897
894 899
897 899
1 900
1 904
1 905
900 904
900 903
901 903
916 907
1 906
906 916
907 915
915 910
908 910
911 915
911 913
913 915
910 907
906 917
906 923
917 921
921 919
918 921
917 923
917 922
1 923
927 924
928 924
925 927
1 924
924 931
928 931
1 931
929 931
931 939
932 934
931 934
934 939
935 937
934 937
934 938
931 942
939 942
939 941
1 942
945 943
942 945
951 946
942 946
954 952
947 951
951 949
948 951
942 951
951 1
957 952
957 955
951 992
951 967
955 952
967 959
961 959
957 959
959 966
959 962
951 959
963 965
963 966
962 966
951 957
972 968
968 971
968 970
967 972
967 989
974 989
974 967
989 975
989 976
974 972
977 979
977 981
979 981
976 981
982 989
982 976
983 986
983 988
984 986
983 989
986 988
951 989
992 990
951 990
951 993
1 993
996 994
993 996
1 996
1 998
1 997
998 1000
2 760
