1000 1000
1 3
3 5
43 7
5 7
5 55
14 8
8 12
8 13
9 12
11 9
7 27
18 15
14 18
18 27
21 19
16 18
14 7
18 21
7 18
27 22
27 25
23 27
23 25
18 22
43 27
27 41
41 29
29 32
29 33
31 29
29 40
37 34
33 37
34 36
33 40
28 41
37 40
38 40
3 55
41 43
55 43
48 46
43 46
43 45
43 48
5 43
51 53
55 49
53 50
49 53
48 55
49 54
1 55
55 69
55 68
57 66
57 60
62 60
64 60
60 63
57 64
59 57
57 65
68 57
68 66
57 55
1 69
1 70
1 71
1 72
72 76
76 74
72 74
81 76
81 77
81 79
81 78
83 81
83 76
1 76
90 84
89 84
1 84
84 88
86 88
85 88
1 83
1 98
1 90
91 93
90 98
91 94
97 95
98 95
91 95
91 98
1 99
1 101
99 101
101 103
101 104
1 104
113 107
114 105
110 107
107 109
106 114
107 114
110 112
121 105
104 134
113 110
114 121
114 120
119 117
116 119
116 120
115 120
134 105
105 123
134 123
122 105
129 126
125 129
134 125
126 128
130 132
134 130
129 134
130 133
124 134
104 139
135 138
135 137
134 139
145 159
159 139
144 140
143 141
140 143
139 144
139 145
135 139
159 146
146 150
147 149
153 151
147 150
139 1
150 153
150 154
146 154
155 159
159 157
156 159
155 146
1 159
1 160
1 162
161 1
174 163
163 166
164 166
171 168
166 171
166 168
163 173
169 171
163 171
163 172
162 174
1 174
1 176
174 176
176 180
177 179
177 180
185 181
176 181
1 181
181 184
181 183
181 205
205 186
186 188
186 189
186 190
1 205
192 205
195 193
192 195
203 195
190 192
186 192
202 197
202 198
202 200
198 200
192 204
196 202
196 203
203 192
185 205
208 211
205 208
211 209
208 217
207 205
213 216
211 213
211 217
213 215
213 217
205 217
1 217
220 218
1 218
1 220
226 221
224 222
226 224
221 224
220 226
220 234
226 229
231 229
227 229
234 229
226 234
231 234
232 234
1 234
249 235
242 237
235 237
237 239
239 242
235 242
235 245
235 243
241 239
243 245
245 248
245 249
234 249
246 248
1 250
1 252
234 250
250 252
1 253
253 255
253 256
1 256
261 257
257 259
264 257
257 260
264 261
256 264
1 264
262 264
1 265
269 267
266 269
1 272
266 271
269 271
265 272
271 265
1 273
1 277
274 276
274 1
282 277
276 1
278 280
278 281
278 282
1 282
282 286
283 286
284 286
282 287
282 289
287 289
1 289
289 296
290 293
289 294
290 294
296 294
291 293
1 296
297 300
297 1
298 300
1 300
300 307
307 303
300 303
303 305
303 306
300 302
1 307
314 312
314 309
307 309
309 312
311 309
316 314
307 314
1 314
314 317
1 319
317 319
322 320
317 1
319 327
320 323
320 327
327 324
320 324
324 326
1 327
331 1
1 328
1 329
1 330
339 333
332 339
331 340
331 341
334 336
334 338
337 334
339 331
339 334
1 341
341 344
342 344
350 344
350 345
346 349
349 347
355 341
346 350
341 350
355 351
350 355
351 354
351 353
341 370
370 365
367 365
356 359
356 365
363 360
363 361
365 360
360 364
359 365
355 365
358 356
355 370
367 369
367 370
1 370
370 387
371 375
371 382
373 375
372 375
371 376
376 378
381 378
376 381
378 380
371 381
371 383
371 387
387 384
387 414
385 387
389 387
370 426
414 389
387 383
394 390
394 392
414 395
390 395
391 394
390 414
396 398
396 401
396 400
396 399
396 414
407 402
406 403
403 405
407 403
408 402
396 409
413 411
401 408
414 409
414 410
396 408
411 414
414 416
414 425
424 419
414 417
414 418
414 424
419 414
424 422
424 421
420 424
387 426
430 428
425 387
426 428
370 432
426 430
432 426
426 431
1 433
435 433
1 432
433 436
436 438
436 1
436 440
1 440
444 440
439 436
441 444
441 443
440 445
1 445
456 446
456 447
456 448
453 455
446 466
449 452
450 452
449 453
453 448
448 455
445 466
456 466
461 458
458 460
462 458
457 462
463 466
463 456
466 464
463 457
1 466
466 473
467 469
472 469
472 470
466 472
466 469
466 489
475 477
473 475
475 489
466 475
488 480
477 489
478 489
480 482
479 488
482 487
480 487
487 485
483 485
483 487
479 489
466 490
1 490
490 492
494 492
525 495
490 494
490 495
490 525
502 525
497 525
496 525
499 525
503 505
500 502
505 502
525 505
500 525
498 525
506 508
525 516
514 509
514 510
510 512
508 514
510 513
508 515
506 516
506 515
516 520
517 520
518 520
520 523
520 525
525 523
520 522
506 525
1 525
1 526
526 529
527 529
1 529
529 539
533 535
531 533
531 538
537 535
533 537
531 537
530 538
530 539
529 541
539 541
1 541
561 542
559 546
544 546
543 559
544 559
549 547
559 549
559 547
552 550
549 552
554 557
558 554
549 553
554 556
558 553
549 558
542 560
542 559
1 561
1 542
561 567
562 565
561 566
562 566
563 565
1 569
567 569
572 570
567 1
569 572
569 582
576 573
576 574
572 582
573 582
580 577
577 579
573 581
1 582
580 573
577 573
582 628
599 593
590 586
585 590
586 588
586 589
597 595
584 593
584 592
584 591
593 597
590 584
593 583
594 597
626 593
593 598
582 593
626 599
603 601
599 601
599 603
624 608
624 606
604 606
625 604
624 610
610 616
608 610
616 611
614 612
616 614
607 624
612 616
624 616
599 604
623 618
623 621
619 621
618 621
616 623
617 623
604 624
628 626
604 626
593 628
631 629
1 628
629 1
1 631
1 634
1 635
631 634
632 634
1 636
1 637
637 639
637 640
1 640
640 642
1 642
642 648
643 646
644 646
643 647
643 648
1 648
648 652
687 652
649 652
651 649
686 653
653 655
653 669
664 659
659 656
657 659
664 660
661 663
660 663
659 669
653 656
669 664
656 669
665 669
665 668
666 668
652 686
672 675
674 672
670 672
672 676
670 676
669 676
653 684
680 677
677 679
684 680
683 680
683 681
684 677
676 653
684 686
677 653
648 693
692 687
687 689
648 687
689 691
687 691
648 692
696 694
1 693
1 694
706 696
696 698
713 696
698 700
703 700
698 706
698 705
701 703
700 704
700 705
1 696
709 707
711 707
706 711
713 706
709 711
706 712
1 713
718 714
718 715
713 718
716 718
735 1
736 741
1 719
723 721
729 721
723 725
721 728
723 728
723 726
723 727
735 729
721 719
729 734
733 731
730 733
1 736
733 729
729 719
738 740
736 740
736 738
713 719
719 735
1 741
744 742
747 741
741 746
742 746
744 746
749 747
741 749
760 752
749 751
760 751
751 762
741 762
759 754
758 754
755 757
754 757
752 754
749 762
1 762
760 762
760 754
762 770
762 764
769 765
765 768
766 768
764 769
1 770
764 770
770 772
777 775
1 772
772 774
790 775
772 791
774 790
775 789
789 778
777 789
779 783
784 779
789 786
789 787
782 779
782 780
785 789
784 778
778 785
774 791
772 801
801 792
796 794
792 796
791 801
803 801
796 799
797 799
796 800
796 801
796 793
821 801
821 803
808 805
805 815
809 805
806 808
816 805
804 816
809 811
809 815
811 815
812 814
811 814
1 826
803 816
819 817
821 817
816 821
819 821
772 826
826 823
825 823
826 822
801 826
801 822
1 827
827 829
833 830
827 833
830 832
829 833
1 833
1 834
834 842
845 834
835 841
837 835
838 840
838 841
838 835
834 841
834 843
843 845
1 845
846 848
845 871
846 871
869 850
856 852
849 869
850 856
868 856
853 855
853 856
852 850
868 859
857 859
856 859
868 860
868 862
866 864
862 867
862 864
868 861
864 867
869 856
848 869
848 871
869 871
845 878
871 877
872 877
873 875
872 876
873 876
879 1
845 877
1 878
894 885
884 881
881 883
894 880
892 886
892 885
892 890
887 889
887 890
892 887
880 884
884 894
885 893
879 928
928 898
898 896
898 895
894 898
880 898
880 928
899 927
905 901
899 905
905 903
902 905
909 906
927 909
910 916
907 909
899 928
906 927
910 912
915 913
912 915
909 926
910 926
916 918
918 926
916 926
912 916
922 920
919 924
924 922
920 924
918 924
924 926
905 927
1 928
901 899
933 931
928 936
929 931
928 942
928 931
934 928
931 934
942 936
941 938
942 937
935 928
938 940
938 942
928 959
942 944
942 958
944 949
946 949
946 944
956 950
954 950
947 949
954 951
955 950
952 954
956 949
944 956
928 960
956 958
956 942
942 959
928 1000
960 968
966 963
962 966
961 966
1000 968
961 967
964 966
960 967
1000 969
928 968
970 973
970 972
970 974
970 976
970 1000
975 970
976 979
976 978
970 980
980 983
979 970
980 984
989 984
983 981
984 986
984 988
980 989
987 984
992 989
989 991
970 989
970 992
992 994
992 999
999 996
996 998
996 994
994 999
970 999
2 969
2 916
2 800
2 491
2 348
2 736
2 345
2 617
2 54
2 28
2 65
2 280
2 633
2 125
2 969
2 181
2 624
2 181
2 675
2 734
2 731
2 251
2 347
2 263
2 321
2 675
2 737
2 744
2 804
2 545
2 453
2 443
2 898
2 11
2 171
2 296
2 17
2 30
2 693
2 896
2 922
2 405
2 286
2 788
2 666
2 125
2 672
2 582
2 913
2 653
2 718
2 796
2 802
2 979
2 961
2 488
2 877
2 569
2 463
2 201
2 672
2 792
2 345
2 687
2 113
2 226
2 652
2 159
2 288
2 270
2 868
2 145
2 377
2 389
2 508
2 489
2 453
2 515
2 929
2 510
2 693
2 93
2 885
2 793
2 475
2 644
2 421
2 845
2 471
2 300
2 576
2 472
2 940
2 171
2 92
2 134
2 866
2 495
2 552
2 708
2 681
2 176
2 872
2 344
2 35
2 892
2 764
2 104
2 220
2 804
2 714
2 626
2 872
2 956
2 808
2 959
2 642
2 784
2 533
2 18
2 864
2 893
2 544
2 48
2 825
2 455
2 765
2 168
2 720
2 858
2 544
2 373
2 480
2 515
2 915
2 700
2 723
2 971
2 500
2 231
2 936
2 418
2 118
2 320
2 676
2 36
2 365
2 501
2 474
2 913
2 129
2 455
2 62
2 185
2 318
2 609
2 84
2 636
2 201
2 568
2 137
2 204
2 984
2 987
2 346
2 68
2 696
2 170
2 249
2 669
2 957
2 724
2 311
2 616
2 480
2 997
2 706
2 240
2 806
2 901
2 691
2 100
2 91
2 433
2 25
2 828
2 126
2 597
2 858
2 592
2 784
2 779
2 575
2 997
2 104
2 19
2 552
2 481
2 185
2 272
2 168
2 57
2 106
2 111
2 463
2 955
2 819
2 944
2 364
2 972
2 256
2 482
2 174
2 14
2 616
2 750
2 366
2 261
2 582
2 96
2 976
2 286
2 593
2 500
2 464
2 868
2 461
2 588
2 401
2 209
2 380
2 673
2 227
2 561
2 147
2 742
2 994
2 308
2 508
2 672
2 931
2 118
2 984
2 24
2 529
2 792
2 148
2 888
2 880
2 568
2 814
2 683
2 328
2 65
2 793
2 591
2 304
2 34
2 153
2 215
2 992
2 520
2 318
2 117
2 625
2 152
2 30
2 26
2 580
2 505
2 889
2 99
2 774
2 476
2 163
2 653
2 709
2 593
2 583
2 155
2 941
2 558
2 673
2 825
2 588
2 40
2 478
2 549
2 873
2 504
2 499
2 514
2 689
2 33
2 464
2 703
2 645
2 776
2 607
2 903
2 341
2 940
2 602
2 148
2 539
2 685
2 646
2 265
2 493
2 396
2 510
2 160
2 169
2 309
2 952
2 965
2 835
2 426
2 473
2 975
2 935
2 627
2 64
2 7
2 309
2 752
2 802
2 205
2 175
2 744
2 264
2 548
2 348
2 955
2 390
2 83
2 24
2 417
2 921
2 128
2 378
2 401
2 539
2 998
2 84
2 940
2 633
2 808
2 624
2 172
2 322
2 349
2 872
2 43
2 941
2 944
2 439
2 685
2 533
2 897
2 840
2 600
2 281
2 177
2 511
2 780
2 1
2 963
2 224
2 96
2 872
2 545
2 548
2 708
2 52
2 98
2 613
2 144
2 463
2 244
2 836
2 628
2 665
2 42
2 512
2 671
2 737
2 606
2 657
2 751
2 871
2 26
2 242
2 73
2 585
2 32
2 114
2 649
2 820
2 16
2 717
2 511
2 992
2 755
2 352
2 90
2 23
2 875
2 582
2 247
2 328
2 56
2 887
2 274
2 270
2 80
2 89
2 348
2 429
2 696
2 800
2 792
2 558
2 518
2 851
2 870
2 825
2 482
2 320
2 215
2 907
2 216
2 899
2 671
2 233
2 784
2 615
2 699
2 168
2 735
2 54
2 529
2 678
2 211
2 855
2 532
2 682
2 817
2 271
2 998
2 768
2 587
2 214
2 26
2 793
2 580
2 321
2 46
2 44
2 961
2 923
2 366
2 502
2 185
2 751
2 890
2 288
2 952
2 656
2 921
2 664
2 84
2 951
2 121
2 867
2 504
2 545
2 302
2 469
2 48
2 412
2 387
2 135
2 951
2 114
2 672
2 52
2 126
2 749
2 311
2 928
2 80
2 516
2 151
2 340
2 221
2 119
2 585
2 846
2 486
2 716
2 836
2 297
2 304
2 853
2 835
2 820
2 912
2 169
2 843
2 816
2 169
2 255
2 159
2 191
2 637
2 889
2 685
2 403
2 976
2 418
2 435
2 48
2 751
2 794
2 558
2 190
2 788
2 12
2 521
2 569
2 839
2 892
2 246
2 995
2 493
2 710
2 553
2 285
2 167
2 734
2 554
2 880
2 400
2 478
2 22
2 344
2 851
2 690
2 921
2 886
2 553
2 8
2 496
2 348
2 305
2 193
2 209
2 481
2 59
2 17
2 142
2 687
2 825
2 666
2 633
2 871
2 695
2 680
2 950
2 625
2 477
2 555
2 193
2 557
2 200
2 768
2 601
2 484
2 696
2 352
2 433
2 434
2 744
2 296
2 322
2 815
2 303
2 319
2 895
2 1
2 205
2 701
2 128
2 296
2 995
2 729
2 535
2 81
2 235
2 796
2 464
2 801
2 682
2 425
2 295
2 58
2 375
2 413
2 485
2 199
2 686
2 622
2 394
2 744
2 29
2 464
2 383
2 557
2 1000
2 385
2 984
2 327
2 467
2 32
2 646
2 335
2 144
2 185
2 170
2 494
2 941
2 935
2 333
2 442
2 764
2 514
2 199
2 409
2 84
2 648
2 608
2 73
2 127
2 314
2 777
2 696
2 117
2 168
2 583
2 867
2 461
2 460
2 581
2 988
2 574
2 780
2 977
2 488
2 97
2 63
2 942
2 164
2 294
2 818
2 372
2 362
2 611
2 846
2 419
2 497
2 680
2 829
2 815
2 244
2 253
2 586
2 356
2 862
2 105
2 761
2 555
2 336
2 353
2 575
2 596
2 186
2 895
2 569
2 289
2 426
2 33
2 481
2 435
2 679
2 31
2 837
2 979
2 534
2 191
2 149
2 703
2 951
2 360
2 354
2 515
2 944
2 343
2 878
2 620
2 221
2 765
2 816
2 296
2 904
2 537
2 234
2 761
2 1000
2 884
2 946
2 56
2 45
2 855
2 900
2 992
2 863
2 55
2 669
2 650
2 162
2 892
2 712
2 185
2 261
2 111
2 736
2 42
2 535
2 226
2 324
2 220
2 384
2 551
2 990
2 264
2 296
2 306
2 743
2 571
2 420
2 900
2 137
2 164
2 509
2 23
2 706
2 315
2 953
2 686
2 132
2 53
2 789
2 737
2 553
2 105
2 7
2 123
2 603
2 652
2 409
2 373
2 612
2 206
2 32
2 822
2 664
2 582
2 431
2 679
2 823
2 268
2 301
2 777
2 397
2 453
2 510
2 41
2 8
2 208
2 771
2 601
2 886
2 450
2 813
2 567
2 907
2 879
2 589
2 993
2 145
2 476
2 105
2 281
2 165
2 272
2 48
2 347
2 177
2 793
2 865
2 247
2 392
2 508
2 84
2 900
2 312
2 726
2 784
2 971
2 139
2 313
2 167
2 4
2 528
2 798
2 478
2 294
2 478
2 717
2 858
2 729
2 976
2 498
2 137
2 242
2 967
2 497
2 968
2 676
2 588
2 856
2 675
2 674
2 816
2 625
2 245
2 557
2 284
2 761
2 242
2 11
2 262
2 535
2 395
2 745
2 376
2 145
2 452
2 830
2 210
2 497
2 648
2 306
2 472
2 975
2 782
2 65
2 737
2 972
2 617
2 129
2 113
2 236
2 881
2 620
2 917
2 452
2 41
2 467
2 177
2 317
2 106
2 952
2 23
2 928
2 408
2 654
2 760
2 993
2 87
2 261
2 316
2 31
2 997
2 117
2 832
2 841
2 536
2 391
2 129
2 722
2 304
2 436
2 728
2 16
2 592
2 33
2 98
2 901
2 829
2 628
2 802
2 15
2 536
2 839
2 224
2 670
2 529
2 785
2 448
2 325
2 532
2 351
2 433
2 588
2 559
2 793
2 119
2 820
2 720
2 803
2 901
2 780
2 422
2 684
2 526
2 593
2 352
2 121
2 681
2 324
2 965
2 650
2 173
2 761
2 584
2 594
2 298
2 635
2 976
2 982
2 392
2 913
2 25
2 754
2 760
2 130
2 794
2 348
2 792
2 813
2 868
2 348
2 697
2 921
2 408
2 625
2 759
2 731
2 493
2 384
2 215
2 780
2 476
2 299
2 60
2 62
2 896
2 489
2 513
2 32
2 320
2 968
2 657
2 711
2 777
2 662
2 532
2 992
2 395
2 50
2 957
2 393
2 123
2 456
2 639
2 734
2 192
2 570
