4242698098218
4021245964380
3867817555220
3559315233716
4202274449316
4230809607284
4229448573356
4246139309662
4017933701228
3551995604676
4243031589464
4128607314268
3878731173540
3954700255084
3456980975596
4088557861772
2811300651513
3462011508564
3924057352284
4185605787780
4040103533908
4173590130076
4243298034368
4243405739856
4242635739900
3955465931916
4009266075492
3780117963636
3775906947532
3110259956105
4243752745834
3733352409588
3643916722772
4244527929430
4165275591124
3574783290068
3593447297012
4243261732674
3714813544340
4009528039300
4244922915296
3396391885180
3775676426460
3773488845788
4244523595694
4182463372428
4242397363608
3751233808996
3991717312308
4208432122764
3893825594228
3970666262908
1059841875381
4244745431528
4244056665890
4116558984828
4242821569280
4079846975236
3942441373364
4241074677388
3860941260892
3226307448505
4027402684124
3482684527396
4242534836306
3522433779436
2749608653585
3362348241060
3947645165836
4174208051612
4034393226292
4243969302438
3531284368860
4083715670596
4244907081236
4227679452436
3776732157124
4235322141332
4244379096042
4075884384276
4164619482100
3329729381556
4017094402380
4245466969048
4244401111266
4244743162052
3765688618756
4063913108220
4242150693976
4244767021074
4244059272472
3296941002321
4031064681348
4242215156484
4243139864862
3953422085252
4190565953124
4242612425620
4243258945802
4244937993590
4103581914836
4242592366240
3900820482140
3709855138924
4243946733760
4174406992300
4243622976480
4153575196500
4190282604716
3444312600908
2619394290505
3964400171996
4077581131844
4071548550932
4080358003268
4126479826780
4180603256348
3915799425988
4063861814676
4243999989974
3914735249636
4068682985036
2748899342945
3517081189476
3988008396780
3613465268676
3818307064084
4088360730172
4244247849762
3430232331356
3695370449716
4107946841068
4077847451228
4244712183390
3736769226228
4244869328268
3953352749988
4245590097438
3462502823436
4246735413984
4151582082956
3913717185364
3927215783964
4054560614860
4184141114740
3377771778116
3702005850212
4012039781012
3887752416988
3937849229612
3390516832572
3486263493380
4246132543100
3043619945161
3804720498580
3881717427236
4163794616628
4243278406958
4180673614140
3805428294428
4243630736210
1105031269457
3422633935620
3413827000276
4244803925106
4063909195084
4244045146932
4242272377142
4244989801434
3896327631756
2560861943633
4246417493744
4242913081580
3413120905364
4123636756500
4243932094938
3984017184868
4082820447332
4246497425618
3902311475444
4243405891590
3902639765924
4136772682116
4242280722996
3665897987524
3533718614748
3814227727956
4232415192548
4197213820596
4243077397160
4244293748692
4183253393292
4129404836948
3703566749036
3810131883900
4245962762918
3879092833828
4107232211980
4246084041460
4243377389556
4177106141764
3815102539988
3926261155756
4242851962786
4244537516502
3708564993716
3015593825657
4133239425100
4246060888836
4245939107176
4244043038628
3483433096548
3336378851644
3844875251796
3441494022140
2633202488081
4242376917754
3695648400356
4245950460848
4231658856116
4196515866580
4107949957812
4242018785100
4231553516068
4137115986060
3055145488793
3733595191164
4024416351772
3910477079260
3847790292316
3818074537284
3475164325556
3187560880577
2843551000409
3846427242828
3695029397300
4242740604308
3898785926716
4246139860212
3975786670188
4242694441840
3873645109436
3719780365948
4181475364580
3740496999532
2932051072105
3275073070297
4213160420052
4245896354730
4242158176132
4244340520274
4235972734604
4120222279876
4182629474236
4023669739188
4092007202668
3853112452236
3339195306700
4207197321884
2377977191237
4005252584268
3790752952908
3175449009329
4088429613164
4242891285850
4054207370764
4243274259562
4244715174026
4028165381860
4099001962764
4242838196374
3742597989780
3783040820596
4243152387152
4079861113652
4181136721004
4016093209820
3029370493337
4243793774030
4235506520828
3459085908476
4244353059262
3976357250644
4107650986356
4242847902268
3773155540988
3450801986372
4242605887990
3098442712393
4244568431760
4001809044252
4229856945476
4243643056188
4232042136972
3448925785140
4076977270068
4246441277988
3971266319700
4242173720276
3401702718636
3934569874164
4222406845796
4230496222116
4242094987270
4208826621932
3869197289612
4242792243720
4241993810458
4243995038412
4022099696604
4242300055408
4084167244524
2696208166953
3459169549300
4238399527836
4145370746452
3959375597220
4242430252618
3451861531852
4031382166460
4242147064944
4243688811128
3926910873980
4165286524308
4122081855196
4245324992246
3783820380212
4244789017906
4242965983264
4242149915946
3825289435860
4243812802490
2955677344729
3200824123257
4244418120720
3598762672852
4243845319062
4245966745028
4242160844182
3212429529681
4179934188748
4243052262314
4242474288148
3898914273644
4238551451900
3944373135228
4242047518244
4244666302852
4245972566096
4242416678354
4245100429314
4243753956560
4111503232780
3395472573516
3468845358148
3665842653028
3872626415916
3605548689756
4178779725140
2894404062625
4180000603908
3477078674948
3754147276396
4242587334818
4244669684802
4037101273716
3603744802884
3840323045628
4023454015276
4160550518732
3406927866212
3146612970289
4174898228516
4132863852532
3817832198148
4244319478616
4242195148166
3430269466820
4206990220636
3707610503156
4000405191964
2832046755513
4160148665228
4242607776316
3957516660980
4243639062946
3837171112900
4242144387940
4242223957540
4200451960300
4218555297444
4137590340732
2937644902825
3251484839665
4063281766004
4033179554380
3852512198804
4127468414716
3475988404468
3503660991244
3836035280932
4095547794356
3659009648996
3360270100380
4246275941168
3789262244732
2802751867617
3455478105236
3751378506540
3906677207900
4242109652228
4242427890214
4244955611432
4151139112028
3367553763964
4120445082828
3946224471332
4246098289452
4243930500642
4148057448604
3695854429916
4242218024184
3281816345705
3770642363804
4243192678458
4245697331510
4245992275544
4163713905740
4102872182084
3724768749132
3348567778684
4242005974104
4244026032562
4243634490356
4125706687460
3721843532492
3778253423156
3950749197060
2875990573489
3884819088948
3879749237812
2967726634137
4242679556662
4216478189124
3485473157892
4244095480028
4244470568654
2988785975929
4082729245700
3846249293460
3269481465041
4246111290176
4242536147462
4228133356548
4140072783084
4245367285618
4068280000852
3908511210188
3329860687916
3590232085532
4043176682820
4187000692948
4242652141208
3433066444684
4089874042116
2921397850617
4244678383008
4060560445380
4016701751628
4245955529296
3903503743092
4244664168654
3647842089780
3989765375180
4242101639124
3505356411492
4242513717934
4242931064358
4242054888838
3777993750204
3941911851340
4246303861918
4242604937172
4193567367764
4244394452152
3769919387348
3677011480572
4246574692346
4174690507852
4245343441358
4083326864156
4243969240244
3944147697300
3600924356036
2711916761425
4243377323732
4243325646326
4244834939826
4207220269772
4241832940892
4245963570714
4217670112652
3628137621268
3766290720604
2782768604881
3477186207532
4165637428388
4242934356526
3506619390884
4243128176020
4091648649292
4221863696620
3707036864948
3619307787196
2598659717097
3794024305108
4242992336580
3818891566652
4242089021486
4244784918184
4242231533834
3697560940660
4244445701218
4242074197292
4245664394100
3542045699332
4243258099044
4038199950556
4059950694236
3507604311484
3347649735348
4243789736260
3832543672268
4243935741394
4103445662980
4089428259236
4244350209712
3620831707868
4243953935680
4242542917170
4242030258320
4245009778050
4245019449822
2568533192721
4095133916316
4246195382756
4244403010966
3792653429348
4242295440226
4243247827112
3576637900228
4245405764344
3879905940228
2658595047257
4017405536020
3360358519556
3461591800148
3950956671924
3937500704876
4042303237436
4244519462818
4016071903876
4246327619542
4224173557876
4242207858974
4243998963652
4243327087436
4226910059108
3733423327804
3420679825620
4243662881070
3344673726596
4237589931460
3961315224684
4087611167988
3582584618284
3084723563249
4114255052268
4090361610996
4148203394812
4242842564958
4243863032494
720812753813
3763204485300
4072686781908
4246090355482
4242776347466
4175077603524
3652616961252
3924220750292
3491923982252
4088272959908
3893745060316
3714203026300
4242730410784
4212604154988
4244543910868
4243731278740
3979992868612
3321427304761
4183114162340
4011026445932
4204289399732
4243595457692
4219087297132
4068414571436
4242217447256
4243593505720
4243820641354
4246010877600
3960564364676
4131629592412
4242430657242
4221465598940
3434965348004
3836382114564
4243016329186
909473961213
3773113990956
4228103093652
3432647699804
2636941611129
3165447998153
3898568845988
4033212078636
4073531478524
3953419479772
4077058718356
3800088377916
3817309273396
1357522966509
4193600127988
3349172721980
3419289551324
4007074896308
4242110837786
4242490892978
4243420941086
4137226419084
4246423601098
4245867472272
4243521675038
3508518264708
2669956518929
4207887036684
4126199015028
3364561699556
3489348971620
4123170395244
3920808230236
4244473581070
3756908062668
4243985610092
4244647337796
3430673453868
3475373825812
4242568344352
4242281976556
4027047601444
3908423341604
4235821066172
3671918465244
4242123792530
4243850523514
3456512756092
4243734647864
4149863233052
4205711303572
3545322331316
4187942844348
3902661996076
3809878857380
4152126529956
4243763120858
4245622817290
4245863518476
4242793014248
4229827429812
4244480907862
4207704004172
4096773874252
3944626181412
4065710083196
4243321259834
4244922826482
3290931084513
3950983916396
4091451173572
4243578623204
3909210874972
3493778425268
4244542885272
4242901927558
3943761712644
4061607110940
2776460863233
4243995421256
4242037438460
4246012003626
4080339381460
4187167768124
4242984831918
3364775309588
3795586836044
3485041297124
4185859020772
3764765718412
3402715925900
4228192171572
4244689581558
4245900460744
3973913448052
3294924268921
4084509368628
4137599917100
3762889458188
4245812668952
4246181176388
4246362696958
4243452065674
3800480487908
4133336732404
4190930268052
3831572231340
4121623949460
4246140384384
2639828978905
3885668308284
4191298840236
4244442491330
4245743539474
2982398356553
4090176690740
4242479811556
4243744832434
4161195822388
4057234741884
3918896928764
4244281820028
4242517809670
4244261048926
4196103984436
4242652465730
4244685565810
4243907894212
3812833452036
4224536574980
4242719594594
4007651248148
4206997692956
4242871561640
2860619517681
4243783096506
4242945910332
3499378801292
4032365740076
3725890019908
3656640717084
3940443855084
2725941232281
4186688399132
4244601594230
4243745545850
4245643052846
4235413519940
4242703005978
4242181429428
4244196655146
4120468178196
4242796200662
3104614954649
4244057884602
4243803450158
3866644666444
4234622417556
3647830065244
4089254665444
3018986448441
4246289611022
3427161689604
4245154271410
4056611393084
4096580115028
4184385095820
3865176571868
2557516593289
4098284167772
4138505051020
4181336192620
4033484179236
3885514555468
3969534117940
4163606786100
3714035321876
4011718009148
2793310792145
3840260917220
4243469119656
4243477970322
4166824416252
3782328443036
4033060154572
4215470458284
4245952332234
4164997581492
3867638022900
3540626391140
4097257215372
4194031742956
3815955662628
3918510216540
4243962925496
3777352625148
4222653255380
3777543955868
3543436779852
4244152372776
4242008344010
4013357868764
4246501037226
3519535423820
3145774104785
4245850543646
3150437153857
4031866058172
3840929168764
3605457635604
4243415520286
3964048992620
3946350045636
4190842714092
4242851495484
3819344487564
4244141324992
4197227634556
3522016017756
4092408397428
3830123702444
3702383399012
3357350242180
3003093693089
4080699724260
4074777723852
4006171984420
4179640683884
4242045847234
4031928953476
4091436376412
4231230259572
4177818489828
4242995715384
4244255666120
3994450008556
4242125810810
3771074667012
4242820932578
3721523127276
3402928306932
3760416287412
4056096314268
3991457580364
3812088982828
4055563252724
4234439581684
4220626329588
3713066270124
4244747963090
4245967921148
4246267333470
3773172501188
2755439862153
4244172648746
4245050024102
4216851814956
4245660743772
4243858087708
4215824439780
4156213653028
4083645843732
4214938606076
4244211959226
4083538212828
4164012011980
3827744564916
4157085141844
3346222777860
4245869447476
4244222637234
4125313751580
3941376439948
4242312399344
3575737977268
4244998089692
3501136674404
4029549599644
4242705413878
3142851756897
4242033915424
4244319620186
4242739170458
4090175235604
4211807546684
3944180949124
4242366084140
4229533187548
4174432191716
3780425125148
3756744350036
3752765034844
4016088421636
3747571880596
4032970437572
3930772962236
4245601159742
4244658949924
3577464397812
4190676140348
4242206241204
2857503823273
3366659327260
4074163666292
3691601686804
3994969796900
4242174618580
3405935109508
2852223932337
4242194496218
2557894235113
2584441615937
3977148697148
4243287106616
3768539525140
3956108276140
4242830034924
3990450046164
4246296721708
4244797479678
4068639321124
3916377301788
4111442775812
4242575552806
4246517842190
4245517431856
3939500022412
3741108933380
4222976797004
3930462212044
4241997325508
3694952373412
4118975071012
3815081941948
4239980415116
4243993009968
3926481589196
4243252960900
3590647625180
3542592063572
4242077590616
4107119507764
3884970600068
4218492677436
4243502310682
4246045786342
3734525612988
4079336753428
4242429058832
4069236398820
3704130279948
4159584662380
4242280341604
3034813933473
4116416027548
3990859873420
4246191862382
3719470362988
4133694420564
3843005667500
4103213018196
3710226444404
4241985263744
4108561862164
4227644765140
3636303274244
4183904763292
4243971199718
4244290139988
4047971405100
4157877581380
3894343199868
3506686651596
4043598878732
4244712183632
4243202824550
3973389382788
4058916957756
3945005460644
4076330747244
3753039101844
4245284715702
3024241246897
4193994007740
4046425401756
4110104611116
4242164223954
4242100359428
3376868659756
4204110545820
4159891273300
4067498602652
4245750790036
3665768018316
3932391948516
4222267054420
3611081028340
4243542366038
3632754236868
4242158497992
3454840008436
4242084507702
4073681908124
4088470799412
4242036707378
3638099187364
4242085943004
3676733372620
3817745312764
3937059818332
3984661918268
4243211286080
4244030188670
4246405046232
4244861097606
4244664316032
2768382742569
3534637749436
4221631395956
4243862412490
4172647113460
3261536424137
4243882180260
4043856447636
3909936407748
4242757909486
4195177662556
4027603168436
4238129904900
4246492897556
4242695296100
4243245456964
3451510696596
4244841878450
3824586742820
3896485592668
4246190763944
3686926236516
4097875195900
3831779696372
4243131787628
3158591582545
3377344666204
4101499625052
3240861355753
4037717779444
4243862034970
3791155337340
4102391751236
4092519410540
3857673064764
4195571217852
4242279224532
3902230931700
3804726338788
4024905729740
3594971768276
3807327689348
4189654772524
3620707785340
4038976295108
4225704488764
4243847067028
4242309421776
4157668602220
4243349509220
4242728256016
4052162826028
4185294477164
4246645752500
3015711491465
4161401163708
4244578956582
3158528642241
3678822574300
3907274747700
4117988272500
4199840577044
3935789779564
4072966639956
4065621782004
3897846518444
4132419721428
2900515903697
4194816739668
4244114105800
3704478755524
4242518886570
3497991791220
3408797922444
3817767788716
3932793192436
3647543265804
4224052968396
4244099525058
4223241631756
3494864694124
4108156410148
3848725905436
3793289333612
4055401221364
4037414344260
4244072707102
4242133098156
3270823046433
4234992395716
3655792343300
2910265452377
4245725164414
3802756763052
4242366032594
3913488866660
4242130050408
4066716152428
4090783236652
3688342536116
3910483224260
3055894364897
4242991466348
4065755113756
4097028572212
4242433592218
4244254509118
4245904307334
3772594694212
4245483494986
3414424097636
3734016502196
4243886486166
4244373894736
4146711703436
4104688113156
4243109481278
2893872878721
4154056787524
4096604626204
4155048246404
3349258584836
2582170567265
3302849579369
3690836806364
4097366045780
3716142476788
4199007039748
4146865682388
2259110327225
4245070195044
3691679969188
4167008864572
3133463375633
3580468054148
4243332774678
4030845801364
4242300729136
2557041135601
4244147048776
4244100057216
4116522183652
2683606126057
3769967446164
1870736676593
4242294095432
4215968399924
4242846713080
3484449823668
3474898891052
4243652862512
4071423861508
4001322271764
4243149399420
4065730002828
4245933457928
4244728972624
4243240734092
4044627266604
4245691642090
4245953118492
4210476382372
4245405847108
2645576336769
4244546873674
4162843577100
3674651712084
4007669987940
3125867822193
3818158453404
3822302198964
3856043184628
3843383934036
3760578259780
3995270577444
3740111703116
3953139926516
4213784152300
4191934085756
3855864723996
3274487534289
4110646875412
3442799987036
3354878211916
3664368659252
3648200446516
4242453136622
3482987461148
4243145940756
4112570820836
4245006949312
4168472829708
4242333732854
3716654782980
4246722225952
4242688015530
3789402036108
3740587886540
4245039969728
4246165241898
3743432982212
4009354357020
4244528360916
3786279501060
2618860612289
4236545940204
2085085371945
3355301656492
4177410491324
4244999201198
3887751984380
3368777857796
3384367771956
4077154147748
3849569579524
3999512003924
4242558514070
4231633686196
3850953128732
3383388671900
3752048311540
4243788531342
3893234012620
3982928084396
4027619873004
3348210739436
2699427920473
4071940523276
3541991839636
3733819901524
4245131465572
4242088005812
3112147956121
4244569831730
4244056580948
4236771879564
4142822282220
4207137907108
3240579737473
4242108367934
4173071010308
3939499491484
4202220166844
4126309880660
3897575263396
4242611187548
4242727607698
2865905621993
4126057571876
3682223374612
4041528918276
4246181342884
4137108503908
4245281314150
4242024386432
4075642163124
4132451380468
4112208285500
4189227011700
3835240294908
4074131378004
2658702227993
3826587171372
3792709373428
4144828295348
4150132108756
4242065433746
4062022739076
4243617962724
4245662382112
3720819834484
4184563055020
3374379797108
4243437056592
4245562900994
4245706841384
4242330574270
3862891634732
3467152533548
4241958259564
3810277338508
4016684801260
4127469014468
3773790442388
4243635300572
3823254202028
3904576414292
4244561648016
4243491325092
4241604808996
4242322112982
3792800889684
3892870081140
4244666318098
4239895466636
3733005743100
4122398130972
3995817000676
4242039954534
4103783883780
3928554381268
4244386161958
4050694515148
3810838204948
4158762707180
4006683789180
4188472159900
4059687707900
3619194630708
3679255211796
3832981117612
3846816757172
3764186436636
4245084485386
3341784465580
4243064216630
4243893370582
3994684659068
3954675439116
4007478657220
3012292073497
4216923913012
3865764554964
3986533321484
3673991866900
4243492394732
3540149214684
4242615031476
4074969162724
4198967102164
4156563800044
4244328162302
4243972884522
3876380420996
3925467359404
3410348350188
3576565969316
4011461924876
4242366417616
4134837783844
4244168329530
4244907534260
4128574219756
3773466723788
4240899982412
4206992855612
3922240752636
4129970127788
3822560023500
4146240819460
4246610013456
4245929697248
3497042885236
4242186907582
3905439919524
4242391015706
2946275028177
4245844423224
3317416570553
4243069753348
4242924427024
4169619014772
4213300860340
4220356775476
3965041582180
4243791265700
4206889442636
4210017965372
4228517630436
4242004585508
4175523612540
4027715597356
3501972787684
4245712499586
4242995763542
3743923864476
4190733264268
4246131455794
4051049784636
3757427182436
3352076032924
4091162594540
4040767036596
4215428593628
4146955900820
4071443083068
4144038107340
3986169714460
4242318264456
4133757886124
4036177862108
3845734352292
4018354314188
4243876901756
3971895046604
3250554610649
4206404852852
4244062761386
3439458807972
3980414228804
3627475858844
4242666214718
4145090652436
4223671024692
3333238147060
4244496350366
4175362780684
4244813937614
3522808811244
4246049352696
4152859476060
4245452013448
2487438333101
4244101765494
3534840731076
4244011542812
4207880449244
4239986196332
4244374182232
3412737191900
4245974210244
4243761792278
4066421153100
3631421961540
4200117033220
3748262686748
3793894227748
3980626255884
2550182688697
4243204109328
4245862272902
4178204081204
4100336705924
3717802816460
4188007430756
4241750342260
3864004813772
3835717628676
4244678222562
4243578444124
3712227630020
4244761494278
4229136948116
3739705159748
4028071496092
3465911400860
4052399983700
4230048394180
4094060438892
4242589357454
4108643074484
4246213196618
4246880694086
4015970172172
3723837039316
4143034869724
3679638659796
3349352814724
3063612766937
3781894999316
3629253042004
4242652563982
4214678402196
3455742025612
3809888650052
4243850749300
3959818518988
3917311194308
4243347891934
4196109765652
3324993425140
4173336798764
3778456050844
4242861399818
3432087728076
3776084877236
3720766830172
4246339647668
4156038269812
4017082141876
4243152962628
4244127557370
4094821593004
3723292857780
4243982293966
4038370181804
3933773482164
4037445020100
4243157152132
4244119253140
4245851339826
4242707279456
4243891013744
4231830493340
3489710740060
3638392702060
2827812235217
2750170755009
4183046645996
3493814262908
4029455163284
4242411348546
4242384080228
3490753187692
3721188642636
3254690045521
4246101264600
3069055475209
4049080503860
4107457640076
4242845961186
4243980966838
2943168235625
3819070282916
4042670256164
3917368475540
4169628915596
2883837245897
3603089618068
4245120191034
3150752183969
4202886914092
3764407292852
3459204443068
4243782081558
4185732807388
4231085385052
4025347992764
4172868480940
4246224841416
3535401174740
4235563752900
4100109921012
4179048856476
3702464552340
4243404338676
3946298201500
3850799444740
4232017311172
4146952056508
4019142752100
3004921635449
4245322961624
4106036601452
3748795227196
4208758210876
3781193790908
3446845009484
4211161191004
3337127499452
4242922144964
4244670951188
4104949428052
4242592276700
4244926042662
4211031143140
4242544729508
3905473741604
3787601383964
4189157007860
3710145831836
4076925248956
4172686854404
4244328580478
3490468590620
3491143105148
3114008578449
4119377307964
4243939705354
4244114081116
3894119276068
3771436110996
4142601504660
3583853634524
4118966920284
4019972799036
3316266095281
3082276314585
3682275730012
4243889942894
4022442017348
4041911048788
4233027234548
2737936453369
4060156143708
4096543579316
4242720202256
4243763691252
4244999312276
3489099533780
4243279627606
4042327502812
4244077485634
3536131594020
3986341450004
4202775891148
4242741156794
3985718268348
4242523880482
4242066199918
3728287553108
3595406863772
4108611100820
4245871269010
3861033504716
3653465580836
4244375691828
4141930952428
3462728359684
4205939720596
3910578791300
3262207035601
3702017864916
1659169885741
4244884207396
4243384325518
3494708915916
3679834955676
4242415148188
3902197296428
4243444284164
3912922504132
3726537889716
3939088651532
3208726969961
3702129497444
4178202439260
3919864082940
1585354763049
2813917035441
4242734249872
4067030727268
4234681498044
4098394856428
4084026745244
3491477009700
3498641145660
3483606100420
4076124629196
4082017487556
4179997280692
4243041383446
4243832996906
4244442493992
4242482854464
4181991810044
3049492018625
3056302386545
4041655623260
1118563551969
3606542636132
4202503849540
3928690456148
4024291328060
4242614041454
4243701591874
2605889950913
4243174330744
4177852498716
4168681061636
3630560432540
3567084843900
3366748778796
4124893020636
4102334705972
4245383302388
4243022725246
3164350934017
4244164424618
4244724446740
3248292075497
3059042261321
3542791564684
4242962547590
3649195513740
4187153393740
3870251545476
3784801574484
4246046652460
3525268079572
4244510891904
3912926151804
3841271253540
4214109306372
4245418199030
3568706828940
3342528089236
3980550313516
4208445631932
4024935225740
3864437716732
4156498240268
3855898821372
4243557802008
3855215772668
3123484245697
3944450227940
4242722494964
3879032455516
3842969387420
