10
572849150 268707241 755823037 973363123 679157489 659545948 190815775 946243318 996269300 715487890 
285856390 281517432 860629027 495762802 524535057 858186435 540982429 88404310 192662749 93351047 
576396778 48832434 203229760 613087209 437951303 573372494 86723382 773815295 641049696 464159206 
984325463 77018594 400899884 597604235 501905737 62823048 596412835 84052751 898876732 515763970 
99613163 538510593 833389395 826599540 130437635 152324653 516354206 371597902 877139125 386901375 
982875193 858808120 881821577 689211134 11652913 583294197 459995693 293400961 188881562 442952282 
526426621 117603899 400799738 229249933 609176725 186034804 837849886 487015790 174357365 765122758 
94040540 653836220 782896485 747072318 287760501 255164234 38921813 345570278 919719237 566655965 
927204227 583048548 57886284 961205020 409459856 116956890 52496361 898848654 486786364 956749416 
249345467 95930248 818089914 5672974 717881784 793205007 347074730 30651307 634686320 620580878 
