1000 891 10000000
6 608 533 206 392 407 214 330 992 995 120 110 41 756 106 631 844 232 726 553 957 523 76 625 616 975 416 907 196 498 677 93 151 510 615 90 569 881 367 885 875 466 83 288 337 335 424 606 750 81 35 701 348 659 39 849 123 557 135 123 394 219 358 566 640 578 343 763 29 763 569 874 512 177 694 315 946 762 913 967 576 24 336 510 193 877 667 904 924 432 871 49 644 31 297 332 959 666 553 588 552 420 722 186 385 103 903 431 278 98 558 975 743 607 542 357 407 782 702 45 188 390 310 49 774 930 262 934 694 470 378 379 798 994 73 977 443 912 690 834 1000 743 590 66 756 704 592 209 67 542 726 380 385 249 222 496 95 28 796 652 726 671 352 329 868 821 199 394 827 825 366 392 419 749 786 123 487 195 326 877 629 627 298 61 827 644 164 514 44 654 275 69 417 167 113 144 236 786 748 135 689 663 682 533 419 838 288 711 774 712 717 577 337 827 426 46 517 535 257 40 798 595 498 91 584 644 477 751 404 118 79 912 512 127 826 727 848 393 719 799 618 375 816 798 12 715 397 406 641 227 888 750 842 173 681 819 953 486 399 182 362 229 313 641 86 912 271 856 312 750 96 530 882 468 885 349 207 675 751 176 604 844 217 324 814 684 778 937 822 886 98 806 822 396 828 834 757 240 39 319 35 373 476 254 202 398 575 951 513 522 488 388 501 361 746 969 395 286 482 167 579 111 209 314 353 637 615 585 273 67 895 534 923 709 55 250 384 208 599 293 634 975 614 855 1 866 942 116 733 568 927 299 398 669 428 40 704 411 691 367 596 524 513 59 337 549 293 789 130 840 633 670 645 141 563 558 426 400 99 160 181 15 130 388 851 527 857 641 928 306 498 822 661 121 762 705 689 379 501 373 743 794 106 784 299 418 747 324 672 517 28 770 351 604 526 632 677 176 359 915 335 836 733 968 518 508 123 6 305 632 880 193 411 880 908 528 512 563 824 975 657 551 877 719 634 458 685 482 25 444 728 529 373 138 185 83 151 398 260 239 689 195 674 842 801 987 684 927 406 459 463 414 868 938 632 636 735 117 611 426 385 303 34 703 247 50 740 220 52 275 45 497 602 941 852 708 617 885 130 197 521 674 95 318 47 230 455 727 373 403 566 380 360 934 330 855 626 956 831 793 576 698 448 900 145 902 7 283 301 266 100 591 906 453 775 751 993 983 675 403 699 548 738 901 497 399 166 22 128 915 174 756 763 898 696 100 712 297 861 354 380 489 629 315 775 333 179 150 366 271 684 320 489 256 266 518 667 234 679 818 479 666 939 982 994 783 244 553 813 597 38 590 409 538 559 995 945 896 976 961 683 797 348 332 237 66 154 720 841 122 102 845 304 34 138 244 731 680 705 241 325 91 925 63 915 38 861 426 853 635 339 887 622 437 149 829 45 948 421 479 791 187 949 731 971 383 431 584 436 107 140 185 589 642 573 863 701 965 593 1000 528 666 82 743 790 71 585 126 455 371 684 754 767 922 942 754 67 844 77 696 773 173 865 462 611 341 770 129 339 383 42 458 210 840 540 431 236 365 284 430 956 670 260 946 478 580 468 886 434 972 30 329 652 762 215 599 592 440 275 245 337 474 994 471 463 36 26 959 378 623 853 471 453 259 480 452 879 373 695 660 75 880 464 776 566 838 396 692 573 160 182 861 991 827 576 265 267 788 312 990 623 280 629 160 612 752 613 918 42 160 571 344 47 758 592 550 291 144 673 996 965 464 948 774 365 920 638 415 470 20 934 893 687 45 665 44 84 340 896 653 364 580 84 874 786 85 472 512 76 807 780 601 690 437 153 149 369 403 870 54 507 116 624 268 554 504 84 450 519 43 247 595 917 69 466 195 459 876 615 877 230 587 301 976 896 619 657 592 411 213 808 349 356 432 755 742 504 308 661 63 251 353 449 847 231 354 605 250 109 956 422 183 781 265 232 726 814 882 9 532 836 73 961 524 106 607 831 195 33 667 94 937 843 684 53 429 903 926 580 452 147 926 109 889 646 135 633 505 336 841 66 917 453 316 975 693 351 96 761 378 336 86 864 80 486 64 794 921 643 589 278 702 45 141 325 946 977 578 940 213 171 68 694 397 157 177 283 73 390 910 51 780 618 401 700 562 437 477 209 266 743 1000 834 714 807 852 763 62 990 296 450 943 628 361 198 290 885 512 289 909 942 823 995 598 628 534 730 5 662 325 128 23 700 824 52 894 473 289 894 169 
109 491
941 930
982 974
278 294
927 334
757 273
877 633
780 786
256 91
532 523
758 456
353 783
687 958
496 219
919 148
154 647
359 222
940 206
132 417
241 921
690 243
54 794
717 513
844 909
257 702
519 444
161 501
385 740
115 388
673 64
956 853
917 655
408 312
782 851
168 603
879 474
320 111
874 720
175 910
85 501
327 531
227 5
705 37
903 698
906 77
616 755
786 310
138 335
819 540
995 975
115 226
916 319
303 285
280 840
150 477
967 885
511 767
603 965
672 567
887 926
907 529
970 558
972 947
113 963
300 670
498 306
730 838
332 174
200 855
888 261
158 529
506 69
461 685
711 805
741 1
116 812
144 424
551 129
923 633
226 548
648 919
62 371
694 223
718 761
7 751
62 872
472 188
764 302
161 675
600 723
861 4
641 616
147 700
19 662
784 441
878 650
402 306
402 891
73 805
37 327
417 844
551 837
576 788
108 954
409 120
585 771
864 354
514 612
188 572
26 829
16 68
424 12
382 909
220 364
175 98
556 263
624 433
804 432
959 712
589 726
745 661
638 607
43 115
244 788
760 555
466 347
539 290
536 838
890 85
189 931
632 890
891 408
694 125
537 458
760 921
89 24
822 898
917 967
221 438
45 185
503 460
779 625
976 279
706 441
221 529
261 342
226 377
967 48
642 766
979 367
758 619
921 907
283 441
158 473
507 312
808 729
595 322
480 243
322 602
617 324
203 705
805 427
969 773
409 15
809 551
12 654
935 654
105 852
944 806
321 545
280 641
98 547
268 478
141 529
610 395
631 88
931 349
222 594
600 241
64 760
727 838
92 273
868 966
144 786
901 614
596 179
954 92
582 356
669 853
558 212
61 343
138 321
608 958
493 305
963 710
910 302
955 193
51 187
579 457
221 767
981 234
310 256
546 495
608 59
837 53
678 70
359 496
936 941
678 293
167 291
67 232
765 590
776 631
327 908
810 204
205 339
950 684
872 506
881 712
673 31
98 418
800 957
670 122
556 312
629 461
821 866
322 347
894 936
142 625
604 178
357 213
743 956
145 494
297 564
725 544
766 631
894 780
253 228
920 872
80 407
377 811
274 270
80 155
626 232
774 507
97 429
161 245
961 526
792 927
755 309
607 87
479 358
755 587
591 52
493 405
765 748
747 656
621 758
459 501
199 514
331 715
455 836
302 474
9 923
825 712
718 373
659 180
3 862
521 546
804 461
487 577
952 581
29 315
538 566
387 43
587 472
916 760
137 333
73 14
863 917
298 209
731 97
681 906
534 301
848 187
506 393
267 330
407 836
229 421
13 551
83 681
450 740
960 316
958 951
974 336
856 773
294 2
848 593
416 67
184 554
763 730
334 419
364 454
556 680
309 323
856 129
132 100
731 564
246 103
870 401
82 102
60 235
369 596
9 545
610 988
862 719
533 396
94 486
654 418
898 358
664 335
358 556
405 858
280 904
913 34
444 475
696 242
32 487
189 272
674 613
689 348
613 741
93 995
437 695
809 432
577 982
699 298
13 808
636 866
474 602
695 175
396 868
550 419
847 327
5 432
414 915
546 523
201 30
540 23
694 335
528 620
844 822
472 684
711 540
90 568
381 661
415 14
385 6
811 184
887 123
925 134
290 842
355 504
170 196
501 734
908 411
85 658
203 903
899 802
744 456
659 66
237 705
377 637
476 401
394 976
923 333
862 238
547 714
925 569
879 926
442 327
725 245
306 516
89 436
506 91
478 387
566 260
706 261
896 450
73 961
563 881
704 279
131 939
639 757
864 895
993 503
872 499
916 66
421 830
505 403
962 438
485 78
87 432
255 952
838 671
105 802
971 347
583 968
602 60
731 306
289 419
244 323
17 573
961 869
373 14
570 568
414 533
67 290
426 786
264 488
159 777
866 980
363 963
636 399
785 237
316 364
752 623
14 527
590 163
222 83
903 875
604 496
969 154
591 72
485 437
128 681
494 211
537 819
887 562
715 232
878 428
82 95
854 978
294 987
580 141
852 428
931 421
52 282
659 818
414 694
422 261
79 221
58 756
664 378
551 883
344 286
264 648
848 892
490 70
976 660
794 369
60 233
706 992
421 283
875 76
868 210
839 633
507 813
653 165
206 920
647 42
600 789
582 415
800 861
771 757
10 771
294 338
829 225
752 58
37 988
621 748
877 987
112 851
100 369
988 257
255 700
932 314
478 676
552 261
249 439
457 49
782 840
603 622
107 185
407 541
658 800
416 115
26 77
205 333
719 220
148 982
371 173
244 597
419 408
614 628
154 187
426 213
487 175
930 520
745 555
650 117
798 786
35 102
794 866
976 602
303 509
972 125
786 117
496 407
66 659
472 102
914 206
943 356
699 863
175 564
50 974
452 792
514 687
746 687
275 926
573 891
375 366
990 798
324 372
159 54
673 493
989 309
345 786
677 472
246 322
22 494
169 897
365 231
142 969
488 417
924 301
935 850
707 837
746 967
109 930
311 869
187 256
454 636
393 839
83 782
242 615
76 789
767 463
377 240
549 130
18 301
401 518
479 10
201 43
790 120
645 393
507 983
497 151
213 787
373 555
259 329
855 620
407 404
539 195
1 552
484 184
282 469
146 731
881 631
290 647
240 831
504 288
198 309
946 304
551 960
532 29
58 28
96 744
963 667
961 198
894 849
321 583
396 668
464 48
201 653
108 667
108 221
961 408
182 681
715 398
467 688
406 755
305 666
155 694
252 820
924 526
303 661
744 443
984 107
973 922
868 361
444 456
34 286
978 118
720 222
68 915
796 785
761 385
776 244
407 387
983 926
664 77
403 380
274 883
382 647
18 243
430 505
880 142
913 215
544 934
269 566
108 817
574 586
914 317
724 357
291 720
146 55
296 933
238 684
62 254
559 840
59 658
322 998
830 883
880 646
944 428
627 361
697 812
217 736
141 942
624 913
168 812
907 555
663 889
643 269
938 959
5 618
260 572
943 829
243 316
28 676
50 792
303 843
609 485
198 397
711 172
417 726
185 499
996 809
644 899
961 333
247 580
614 938
457 474
571 100
567 377
857 451
193 466
123 541
103 323
26 403
633 548
942 907
972 847
688 431
125 340
792 96
379 528
0 321
813 204
968 736
353 496
77 153
764 923
323 368
561 562
9 380
225 721
130 767
281 871
53 987
715 870
501 818
728 582
287 925
972 648
469 686
69 26
544 33
885 927
754 290
502 512
952 918
881 586
381 232
48 862
266 282
939 403
349 974
240 858
210 875
716 715
804 810
744 395
606 675
551 770
279 817
350 157
339 719
530 31
199 554
510 460
897 463
646 844
729 235
881 85
4 322
991 15
873 558
991 774
227 372
534 890
682 704
626 186
380 546
477 606
890 703
391 347
86 628
264 755
119 427
24 618
607 689
845 906
838 666
215 406
600 92
218 419
495 621
413 63
100 461
240 220
106 281
333 693
556 144
651 964
28 655
226 490
943 369
318 997
413 897
197 900
454 830
942 265
492 100
178 504
963 554
521 87
341 803
113 860
124 658
603 558
107 332
568 624
791 870
611 187
59 882
302 657
262 689
734 753
17 847
599 381
258 419
2 141
724 97
972 479
623 561
530 719
306 922
927 328
664 109
120 759
890 983
974 392
880 819
723 722
270 286
707 572
452 848
252 963
872 381
621 356
246 111
158 552
622 254
358 19
760 139
848 383
851 118
350 782
393 739
485 396
438 220
561 275
989 716
220 746
157 100
424 238
933 736
257 840
30 643
179 391
610 869
861 351
723 884
928 673
858 178
695 260
737 972
203 160
946 152
661 25
720 414
879 758
731 748
905 462
567 478
468 953
954 671
602 938
605 884
460 985
766 395
427 873
401 553
561 204
110 565
688 202
880 129
957 485
418 730
748 93
487 603
535 491
233 915
507 65
761 520
825 774
172 332
42 784
135 411
871 577
742 703
29 143
106 613
400 220
453 294
19 344
612 106
529 886
44 975
478 722
217 517
455 194
325 548
956 92
537 431
561 666
413 655
2 249
852 243
