4446574
2674077
2642904
658690
678574
1063077
4558077
707904
4381690
998383
2817574
4222690
1880383
920904
3997077
4913904
634690
4829904
1655383
4307904
2428077
1941574
783574
1975077
2688574
3305383
3422904
1133383
1170574
281383
3890383
2926690
1865904
3280077
4025904
5174904
1531690
2906383
5397574
1052383
781690
2672383
4403383
2473077
1731574
3512383
3241077
2749690
4438690
3777574
2308077
4253904
2254077
2126904
146383
3671904
1516077
3934077
1789690
1735690
740383
4364904
1759690
799690
450574
178690
80904
3976690
2475574
3184690
184077
2479690
338904
1176574
3977383
3154690
4133383
2951904
151077
3786574
815904
1140574
5270383
3146904
1017574
4817904
13077
5204904
1467574
1944574
3646077
1836574
4835904
2285904
4682383
2462383
823690
3079077
1019383
1670383
1014574
656904
4957690
3894574
169077
632383
3650904
3164904
258574
925690
5055574
4997383
1774077
1576077
5281077
1456077
385690
1721904
4532383
1098574
2314690
2704690
710383
2778574
4625383
4067383
3560383
2168383
3719904
3175690
646690
4550383
4295383
1023574
2399904
1999077
476904
2138904
2363904
5236690
2819383
4025904
4243077
2622574
5096383
1939077
1334383
958077
1025383
2687904
4286383
3055077
616690
2993904
5247574
4838904
5326690
4528077
4644574
4123690
5006904
5161077
943690
4538383
3084574
473904
1285077
3361077
4631383
3886690
4621077
2815077
4795690
1481904
945574
2568574
2083077
2216904
1233574
4340383
4946383
3872383
3871690
178077
815904
1916383
4890574
1996077
871077
2871574
5326690
131904
1397904
3573574
2910574
4007383
1154383
4674574
4059574
2333904
1312690
3164904
2602690
3477574
5317690
2558383
1694383
2965077
5264383
3935904
4920574
203904
232690
4828690
2693383
1634904
2980077
4468690
3656383
5301574
466077
4817383
279574
4367383
6305
1704574
4934383
4316904
3776383
3623904
1969690
2272690
1943383
1203574
1131574
2270904
2702383
3059383
3466077
5044690
4501077
4550904
344383
1843077
168574
1060690
857383
1004904
4050574
3247690
929383
1811383
2697574
3901077
3775077
4163904
3917383
3591574
985077
5387904
3779383
1435690
1867077
3910690
171574
2139574
1536574
5066383
4972077
4955383
3484077
4997904
96574
1392574
5345904
3112077
1822077
1805904
1223904
2696904
3352077
5242690
4178383
1478383
3316077
1286383
3469690
1157904
1607904
2040574
2912904
3712077
2331574
2286574
4992574
3177574
5022574
4586904
447574
234574
4232383
4337383
2205574
1797574
4909690
2688574
2687904
2999904
2957904
290383
4387690
3858574
5058574
4589383
4349904
686904
1968574
3710383
2921383
4649904
338904
493690
2525904
3951574
2238574
1166904
2417383
2042904
1599574
1105077
205690
962383
1996077
5058574
1003690
2603904
1923574
296383
928077
397077
3418690
403690
5288904
4312690
3844690
94077
589690
803904
1741077
5393383
1251574
1705690
181690
3221383
973690
5146077
3008904
3062904
1600690
418077
4051077
4538383
3811690
3433690
612574
1633077
2525904
3494904
2880574
4531077
1037904
3988690
2732904
5371690
4885690
3821904
4576690
2412574
791383
2433574
4081690
17904
1599574
3456574
1033077
4225690
4230574
1127383
3898077
4279077
5193574
2051383
2947077
3148077
2551077
3501574
5235574
2315904
416904
157077
569383
1971574
2966904
1706383
286690
3298690
191904
2840904
2803077
2512077
3195574
2048904
3353904
880690
3332904
4141690
3887383
3907077
2797690
1546690
2083690
4403383
1603690
4047574
5143077
3917383
3067690
1512574
3367077
2552904
1250904
5029077
2916574
853690
2288904
1314574
1634383
2466574
4713574
2108904
1034383
4847383
4120690
2300904
3884904
103077
4446574
3361690
5057904
662904
1466904
5093904
4515574
5235574
5023690
5309383
371904
2115574
3713904
3499690
202077
1626574
2115574
4933690
2784574
412690
794904
964077
2289574
572383
1939690
153574
2333904
5312383
2861383
3088077
1046383
4755574
3877690
193077
4288077
2364574
1089574
3902904
457077
1160383
832690
4153690
6305
2398077
2920690
4855077
4282690
3277077
2173077
766077
4786077
2654383
695904
5011690
3148077
3371904
1870690
5326690
4123077
4091904
4120690
1210690
1390077
4429077
3440383
2831383
4526383
1703904
1675690
2585904
2936383
4213077
1795690
2551077
5144904
3854383
2128690
830383
3901077
2149690
1153690
3955077
4718904
2579383
1564077
1080574
1606077
3368904
482383
1646904
4172904
2545690
2993383
4002574
1994904
3125383
2255904
3424077
1369690
2614077
1067904
1703383
91077
1252077
4430904
1199904
2571574
4732077
4624077
5183904
3825574
551904
2859574
1132077
589690
3642574
778077
318574
3806904
1289904
506383
1409904
2726904
1086574
3955690
718690
3412077
3189574
4948077
5299690
2230077
1829383
4066077
3427690
1637383
4106904
113383
2093383
2889574
1466383
4655383
4399690
3287383
2225383
2462904
2021904
3776904
4850904
3263904
5047077
5191690
929904
676077
3076690
5011077
376690
1994383
313690
2623077
362904
714574
2860077
3540574
4718383
2929690
2488077
4814904
2152077
3863383
167383
1150690
2395077
877690
4696077
2925574
527904
2428690
1100383
4892904
1222690
4888690
2373574
268690
1390690
1277904
4021690
4145904
4234690
1661904
1944574
1808904
3439690
5151574
32383
3874690
2090383
2299077
4013904
246574
4855690
1046904
2492383
4019904
152383
1359574
2978904
667077
4364383
2006383
2963383
4745383
2738904
811077
2295574
5299690
1750077
5051904
4829904
229077
589077
1621690
22077
1804077
5039383
3038904
3586690
3330574
4220383
2797690
3770904
3932383
4561690
3070690
3778690
3107383
1141690
910077
4561077
4655904
3233383
131904
2347077
3719383
3175690
3935383
967077
3619690
330574
1697904
1100383
5339383
4955904
185383
4274383
4288077
3137904
368383
1103904
266904
418077
4187904
1528077
259690
5150904
3324574
4623574
4671574
2834904
418690
2372904
1077574
821383
3688690
2480904
4195077
1687077
1389574
2520574
4693690
292077
5157574
23904
5228904
1432077
768574
5120904
758904
4666690
5270904
514077
4609690
4880383
5264904
5132904
4250383
1592383
39574
1151383
3845383
2272690
1278574
792574
3905383
2358574
5203077
2978904
4396690
1738690
2572690
3714574
2427574
2616574
2944690
3439077
654574
4460904
2575077
3071383
1739383
3919690
4315077
4232904
1231690
3544690
2552383
777574
2137077
2714904
4517383
3583077
4882690
3884383
532690
967077
3017383
4790904
2942904
4631904
5116077
1559383
1008574
416383
1373904
4208904
3096574
6305
4576077
4757904
1345077
3629383
686904
4156690
3074904
3427690
3964077
2600383
2263690
3897574
4835383
1968574
5135904
2270383
3211077
1594690
3660574
4171077
1199383
2659077
1580904
3849574
4330077
4755574
5047690
5271574
1674574
4721904
4315077
3007077
854383
3716383
5099904
4737574
3629383
321574
825574
2381904
2033904
2690383
1012077
508690
3472690
5387383
2879383
1784904
1195690
2865574
4039077
2665690
2952574
4329574
4250383
4294690
3514690
494383
895690
3388690
5333904
5311690
2843383
1535383
491904
3364690
923383
1166904
1112904
4518574
2152077
25690
2435904
767904
4225690
1933690
3253690
1274904
3084574
3919690
2986690
2450904
3614383
1969077
476383
3324574
344383
5274574
1520904
1130383
904077
1842574
4486690
790077
3862077
1948077
2965690
3609574
4798077
1587574
1841383
4214904
4471077
252574
3532077
649077
1478383
4079383
5177904
16077
4644574
4687690
4013383
3424077
2311077
211077
2866690
1931904
4888077
4702077
2810904
1131574
4993077
3691690
1567077
3529077
5260690
4283383
3080904
1838383
2293690
2312383
1920574
2224077
2042904
4712383
1116574
1523383
1757383
4412904
437904
3482383
3776904
935383
16690
2770690
4682904
4024690
1456077
1274904
62904
1162690
5098690
373077
5022574
4853383
4499383
1715904
3445690
4687690
4075077
2042383
4543690
4523383
4925904
5105904
1529383
4321690
2908077
4402690
455904
1158574
2988574
1420690
832077
4964383
371904
1843077
1153690
1719574
5000904
3331077
4513690
1340383
475690
1676383
529690
2807383
2461077
240574
2386077
3406077
490077
2577574
1035574
254383
3685690
573574
1205904
4637383
968904
2819904
4842574
401904
5221077
3058690
1219077
4266574
484690
3483574
3527383
4515574
1249077
3845904
1589904
5065690
2072904
1871383
664077
1881574
4126077
578904
2751574
85077
2945904
640077
2639383
3344904
4390690
2792383
3287383
880690
1729077
1613383
1786690
495574
2001574
1953574
4745904
4366077
1086574
787690
4047574
3987574
4914574
5326690
3278904
422383
3158383
4950574
4398574
228574
2870383
818383
4961904
1503574
4807077
1856904
1310904
5332077
3715077
5232574
2177383
710383
1523904
1028383
4364383
3313077
4769383
3754690
4445383
4509574
4515574
2029690
1588690
580077
4103383
3911904
2965077
4105077
1777077
441574
4288690
5170077
4899574
1159690
3529690
2101077
4197574
1996077
474574
663574
2566690
274077
4423077
2689690
4084690
2314077
2565574
1594690
2371077
2534904
4779574
1804690
2831904
3443904
3348574
3537574
11098
1193383
1419574
2507904
5110077
959904
5077077
5244574
753574
3274077
5053077
3264574
2335077
4960077
2443690
1399690
4685904
3132574
4423690
753574
3176383
2869690
868690
5048904
5100574
4096077
1255690
5006383
3226690
4873690
4940383
1087077
3219574
102574
4898904
3241690
627574
4517904
3357574
4303077
3680383
5174904
2630904
1981077
5140690
926383
801574
4829904
5125077
3995383
3574077
4142904
123574
4535383
1894077
382690
2102383
4102690
1535904
2953077
2627383
5051383
4746574
3531574
672574
2541574
931690
4870690
3113383
3240574
1658904
2999383
573574
569904
1307383
1258077
2044690
1888690
5339383
3452383
1549690
2234904
3077383
4730383
3395383
3250077
447574
428383
2821690
53904
2193574
439077
1523904
2912904
3403077
4523904
1811904
820077
598077
4096690
3469077
4856904
3356383
1296574
897574
2399904
905904
3808077
4983574
5044690
3183574
1730383
2509077
3604690
4306690
322077
536904
2456904
2929690
100690
4273690
1952383
1280383
4999690
425904
275904
3013690
4766904
3429574
4342077
2628574
980383
1697904
4891077
4768690
5337574
5080077
4811904
1786690
2717383
3403077
815383
5290690
5239077
3932383
973077
1475904
3001077
2673574
4560574
1055383
3648574
4621690
1273690
2687904
4664383
4611574
2518690
1829904
3646077
4832383
2797077
889690
2153904
1856383
3303574
2700574
5049574
5104690
1260574
3419904
4623574
3159574
4176574
3325077
2225383
3213574
1639077
216574
2698690
463077
3440383
1238904
2762904
2495383
2182690
2053690
4045077
5186383
3323383
1184383
1116574
5399904
2103574
4950574
3974904
4508383
793690
3251904
4819077
1832383
189574
2794690
49077
1310904
2398077
1393690
3274690
1498077
1570690
1167574
2528383
2923690
2925574
2216383
3548383
3364077
2387904
2947077
5326690
3055690
835077
3751077
993574
5077690
3745077
2249904
2504383
1384690
3960574
4394904
4506574
1098574
5240904
3665904
1841904
3161383
5403574
3980383
3361690
1763383
5135383
2719690
402574
5282383
1464574
4767574
780574
679077
15574
55690
3499690
2911690
175690
2516904
5147383
4612077
2191077
4921690
2200077
4546690
1916383
731904
2035077
2796574
3152904
2108904
4444077
3806383
4018690
3302904
5103574
2242690
3721077
774574
5363383
4563574
4279690
4306690
575383
239904
583690
4928383
522574
323904
1591690
1126077
3458383
2338077
1704574
4007904
747574
2467077
3501574
1447690
4459077
2224077
5339383
3661690
5350077
3688690
3568077
625077
3797383
3184690
808690
1742383
5243904
3397077
428383
2353690
1481904
4009077
2591383
2384383
3709690
443383
1526904
3091077
400690
337077
211077
1555690
4565904
1525077
3747574
4773574
4323574
1047574
4204690
2335690
1547383
4174690
560383
3061077
1323574
2056690
5110690
2310574
615574
4580383
1679383
517077
4596574
3389383
1220904
2077077
5387383
1459690
2066383
5305690
3409690
1157904
3299904
3224904
5059690
5109574
2530077
281904
3958077
4870077
3659904
2582904
1044574
2090383
4017574
2833077
1042077
3562690
4333690
2156904
1996690
4628383
3089383
4526383
3935904
1372077
2756904
3784077
4461574
1510690
2623690
1214383
4604904
3451690
643690
3640690
3598077
3091690
2348904
1536574
1506574
2990904
4199904
514077
398383
1789077
3472690
1283383
230383
5305077
737383
1833574
2730574
1339690
137904
462574
715077
3593383
3793690
3812904
1057077
2977077
4853383
4496904
1553904
3314904
6574
5356077
2666383
1103904
5339383
229690
3205077
569383
4192077
3514690
4594690
2066904
2816383
1897690
3710904
4137574
598077
4993690
3191904
10077
4331904
3323383
839383
3639574
2901574
2557077
250690
2416690
2777904
2713077
2263077
1940383
4929574
4263574
2691574
3368383
1936690
1658383
3334077
5130574
4490383
3175077
4268383
720574
2262574
913077
2309904
5303904
572904
544077
4405690
3433690
3800904
3727690
3295077
4753690
3897574
2069383
18574
1679904
463077
1449574
4716574
5319574
2293690
1764574
1091383
4724383
1186077
1982904
560383
87574
1303077
103690
4997904
2385574
313690
1598904
857904
3247690
4383574
499077
2752690
2537904
2180904
5023077
3623904
3882574
2463574
4649383
4254574
1840077
3645574
5211574
3083383
3990574
5190574
4133383
1103383
3693574
5301574
664690
4723690
549574
335904
3743383
3366574
1748383
294574
1136904
3044904
5268574
86904
1304383
3338383
1990077
5081904
1683574
2756383
1354690
2556574
3027574
2647077
2607574
2023690
841690
2011077
2504383
4757904
1895904
945574
3989904
3317383
1786690
3794904
5060383
2999383
4374574
2267383
4738690
3778077
2534904
3437904
2972383
4691904
3655077
47383
2942383
2671690
3746383
4412383
2850574
734904
4529383
506383
1258690
473904
5068077
699574
4865904
3124077
160690
4662574
1105690
5164077
2202574
519574
3553690
366574
4100383
79690
3299383
4167574
1801077
261574
3542904
3681574
607690
1368574
4817383
1257574
1018690
2957904
457077
2184574
3776904
3739690
5357904
3595077
1664904
4872574
5286574
5031574
4840690
1931904
2021904
2821077
3568077
5251690
4999077
443383
5096904
2542077
3745077
4702077
1273077
151690
397690
486574
3247690
4318690
4131574
3245383
2467077
1999077
5195904
1778383
2993383
1414077
2642904
4742383
121077
1648690
1966077
3740904
3327574
1159077
2931574
2239690
4478383
2254690
3985077
43690
3746904
3352690
1127904
185383
4733383
5112574
34690
1249690
833904
2648383
4009077
1618690
2419690
1529383
5254077
3188383
3408574
4823383
1892383
2564904
4690
3204574
3827904
4472383
681574
1078690
3248383
4694904
1819077
497383
106690
1520383
4399690
1541904
368383
2984383
2697574
4072077
37077
1253904
4805383
2965077
170904
1619383
5108383
4847904
1642077
5204904
2298574
4794574
5347077
1903077
3363574
1467574
869904
5206077
2135383
1552077
2429383
4246077
3422904
670077
5360383
3357574
1829383
1908574
475690
5210383
5098690
2614077
2745574
1477690
4558690
535077
4270690
529690
3622690
2624904
2758690
4889383
1895904
2085574
493077
275904
530383
984574
1382904
3778690
2027383
193690
4321077
3017383
1555077
3494904
562077
3713904
383904
2534383
3913077
1157904
1883383
3610077
1622383
3962383
1372077
1118383
3591574
278383
529690
1798690
2923690
1671574
4417690
4420077
4771077
3014904
3153574
1377574
1019904
3088690
2192383
4096077
4928904
2933383
3737904
1598383
5242690
1132690
740383
946690
3360574
4452574
1951690
4286383
1125574
1855077
1516690
3701904
1044574
1684077
199690
760077
3610690
796690
1342077
4223904
540574
2184574
2225383
2409574
25690
4416574
2560077
5175574
172077
815904
2107690
541077
5160574
514077
3086383
1636690
3803904
2879904
3321574
4419574
4774690
3536383
5290690
1103383
1953574
1029574
3011383
2345383
4338574
476383
4861077
5279904
4822690
2636383
1181383
1300690
4202383
4637904
4643383
3997690
5391574
4824574
4222077
3196077
3912574
819574
2135383
3636574
2219904
85077
3898690
4540077
3127690
3997077
3397077
4570690
3640690
2265574
468574
2779690
3142690
3492574
1787904
3168574
2152690
1048690
1163383
419904
4837690
180574
2914690
4549077
4902574
897574
234574
3794904
1931383
3341904
2856574
3767383
1947574
2435383
3845904
1939077
1252077
1232383
1084077
1328383
1744690
1789077
3832690
5387904
1199383
857904
2200077
4127904
4192077
769690
4041574
4579690
1657077
1657690
3922690
3041383
851904
4996077
5275077
1072690
369574
1159077
96574
4373904
2467690
2137690
5320077
4065574
3884383
3782383
4200574
5084904
1145383
4885690
1855690
1504077
1718383
1733383
2327904
2887077
443383
2999383
353383
2552383
166077
1394904
1633077
3612574
4108077
956383
325690
3230904
1517383
3355690
1985904
5041690
1809574
1682383
1613383
4175383
1968574
5298574
278383
4843077
4669690
1142383
1017574
5069904
5293690
4342690
1779574
105574
2749077
4106383
1954077
1690690
2794690
5138383
872383
2224077
3391690
116904
3368383
3001690
4594690
3363574
4181904
1865904
2090383
2150904
756574
4303077
2488690
4250904
3128383
769077
1700383
1293574
3419904
3204574
517077
2314690
3638904
5347077
4217904
2681383
4403383
2862574
5151574
5206077
85077
2624383
1852690
2216383
5247574
1894690
4033077
4469383
5013574
4495077
1465690
4449574
999574
4935574
2779077
4028904
5171383
846574
4201690
1097383
2860077
1862904
1419574
4694904
2087904
1661904
1583904
5392077
2995690
4658383
1721383
3567574
3677904
911383
2693904
603574
2865574
5339383
4090690
1932574
27574
428904
4501077
2846904
3430690
26904
695383
2872690
4567690
2322574
976077
167904
4519077
2119077
835077
5101690
3617383
4705077
3445690
24574
887904
3257383
726574
1324077
650904
2651904
1018077
3329383
3020383
4872574
5360904
5272690
4329574
3306574
4367383
50904
2078383
1786077
5182077
593904
3676077
2488077
1972077
3446904
1151904
305904
1033690
4090077
4183690
1154383
4732077
4783690
3947383
1396077
3604690
755383
4879077
3720574
2005690
495574
3650904
962904
3450574
1633690
2543904
754690
2263077
3666574
1703383
3448077
2785077
2564383
5150383
2572690
4178383
2981904
511690
1012690
3595077
1505383
2308690
7690
1399077
3136690
4160904
2774904
2845077
2414383
2011690
2414383
1886904
4316383
3019690
5220574
2705904
2672904
5153383
4646383
1904904
1480077
5033904
1684077
2993904
5102383
1409904
1057077
3607077
460077
2705904
3710383
1678690
4712904
3222574
4282077
2746690
5175574
4115383
2025574
4388904
1488574
2427574
2536077
261574
1456077
1825690
2510383
3623904
1367383
5272690
3813574
209904
5357904
1411690
4687077
3410904
394690
2339383
869904
791904
5201383
3971904
5284690
4259904
1805904
2531383
73690
2527690
3906574
5092690
1034383
5129904
4955383
2991574
1204077
1988383
3899904
5314077
2496574
4739904
2842690
4040383
4680574
5381383
926904
1679383
4207077
934077
3393574
1195690
1765077
4933077
5028574
295690
4515574
114574
407383
4313383
4061904
639574
2884077
5337574
118077
3523077
2128690
2776077
1934383
5027904
1189077
4700904
899383
1657690
1817383
4968574
37077
578383
3079690
2047077
2260690
2677077
475077
1885077
3322077
4208904
1807690
826077
2521690
3648574
425383
3856077
3181690
279574
3518383
301690
583690
5031574
991690
5000383
1829904
2528904
3778690
1637904
4542574
5270383
4001383
50904
3226690
2273904
3134383
5083077
2232574
4999077
4141077
4981077
4392574
160690
4363077
281904
4906077
4734574
1784383
4835383
2176690
179383
539904
2680690
2132383
5114383
518904
1206574
1166904
2664574
1200574
4728574
1249690
504574
2414383
3230383
4448383
4930690
4597690
11383
315574
266904
3344383
3367077
3665383
259690
136077
5035077
3277690
3793077
3606574
593904
1013383
2387383
3194904
3739077
1667383
3170904
2034574
3462574
3254904
121690
4009690
5243904
3949077
1226383
860904
1948077
4387077
221383
4280383
3410383
4352383
2936383
3815904
1497574
2911077
2668077
4868904
231574
1276690
2567383
5310574
3307690
1838904
2117383
3577690
1127383
1001904
677383
4946904
3859077
247077
4077
3782383
2231383
301077
1129077
2461077
1312690
2471383
3100077
406690
2505574
2643574
1015690
3568077
5291383
459574
122383
2130574
2958574
1781383
2551690
3005383
981574
4524574
4703904
602383
2146690
1027077
2292574
5240383
3611383
3491383
4119574
3988077
3167904
3031690
4449574
103077
3806383
2182077
1057077
3172690
1083574
3800383
320904
4952383
4517383
5207904
4993077
718077
1540077
3267574
2392690
3734383
2417904
2474383
4684690
4114077
242383
3274077
338383
4154904
2230077
2617690
4317574
1864077
1555690
1211904
2914690
711574
770904
3396574
5046574
95904
3233383
3824383
1542574
1672077
1574904
3251904
3373690
862077
5236690
467383
2724574
2149690
2113690
2644690
289690
2440077
1651690
1147690
560383
4366690
1455574
1950574
4505904
764383
3088077
349690
3013690
5297904
3483574
3487077
892077
691690
808690
1271383
2317077
48574
2675904
1840077
5123904
3674383
1717690
3828574
4470574
3706690
4342077
1676383
1886383
4064904
3626904
1251574
5378904
982077
1772904
3500383
4853904
4261077
311904
811077
4463904
1361904
3217077
4558690
4006690
4037904
3770904
4752574
4322383
5324383
3250690
302904
3320383
5290690
4294690
4111690
472077
4876077
4028904
1589904
3931690
1490904
17383
278383
1829383
88077
4556383
3366574
1791574
2617690
5372383
3160690
3352077
3562690
4622904
1110574
4793904
2650690
110383
3141574
3491383
4568383
2168383
4772383
1316383
1811904
5132383
5200690
2942383
4244904
1611574
4056574
1354077
4834077
1920574
1955383
2014690
2768383
1612077
3914383
5280574
1984690
371383
4272574
2461077
4092574
315574
313690
2542690
2071077
4585690
1485574
3550690
1364904
2786904
1885690
3274077
3605904
3433690
1398574
4289904
3835077
2251077
4232904
4814383
5227690
877077
1373383
4648690
1186077
512383
1868383
2209077
1263574
1330690
3932904
2767077
4625383
5109574
5336383
364077
1133904
2570904
3793077
3010690
39574
1466383
754690
3161904
3931077
3281904
4768690
4241904
415690
3307077
3128904
1651077
4324690
4729690
4596574
573574
873574
2150383
2880574
1325904
1930077
1647574
2330383
5060383
4326574
4273690
3868077
2682574
1797574
38904
2817574
4921690
5236077
5170690
3416383
2747383
199077
3676077
2320077
1577904
3897574
3403077
3625690
680904
4033077
994077
4926574
3023904
3374383
2867904
1473574
2877574
3793077
5216904
1301904
4390690
3911383
4188574
2700574
1474690
2362690
1525077
2578690
3491904
3018574
3245904
3745077
2003904
53383
4214904
1329574
4947574
3791383
762574
3446904
4001383
428383
920383
2622574
3316077
5125077
2206077
1534690
112077
2185690
3362904
578904
4052383
2663383
607690
1538383
3004077
781077
3704904
3568077
3616690
673690
4981077
3657574
2832574
1797574
3577077
2371077
5251077
737904
5063904
765574
4171077
2252904
4951077
1574383
2400574
3621574
3920383
1429077
4445383
2482690
5078904
3314904
4091383
4687690
4066690
2608077
5240383
2169574
2315383
914383
810574
2563690
397077
1384690
203383
1699077
2408904
2495904
5268574
1273690
439690
2449077
4685904
3736077
143904
3982077
1570077
5320077
2036383
2375383
2086077
3055077
3055690
2953690
3296904
5373574
56904
4545574
5132383
3385077
5031574
4409904
1544904
3101904
1231690
4642077
5269077
4653574
3487077
3195574
623383
2569690
1162077
4637904
2871574
4946904
737383
1972077
4561077
1158574
2142574
2069383
4411077
200383
3317904
3777574
2159383
3137383
4514904
305383
2088574
844690
4943383
3026904
1664383
2606383
3606574
1450690
3581904
2585904
3317383
1579077
1522077
4030077
589077
3530904
1219077
1305574
3778690
4900690
856690
2339383
4783690
4441690
2672383
158383
2867904
4112904
1036690
3739690
5087383
4606077
1507690
913077
130077
4325383
4807690
2040574
1904904
1326574
3206383
520690
1027690
2570904
4312077
3575904
1744690
366574
4938574
1267690
749904
3513574
4715904
931690
819574
1435077
3284904
979690
1480077
1399077
4162077
1692574
5231383
674383
3721077
422383
4049383
221904
1720077
1229904
3678574
3263904
532077
3237574
960574
928077
2637574
4851574
3450574
1537690
3806383
1100904
4228077
630574
5134077
2288383
1751904
4562383
703690
3560904
3582574
1348077
3129574
96574
837574
2039383
5088574
2596077
5056690
3238690
2085574
4080574
2732904
440383
3716904
1649383
5086690
1952904
3512904
3304077
1529904
2450383
196690
691690
191904
3280077
4156690
3377904
1144077
4263574
915574
1580383
4661904
322690
4059574
3586077
380904
2214574
