100
32 89 5055
26 8 2739
68 36 1031
68 42 2207
85 71 1674
85 40 2546
42 20 9762
55 78 2083
57 53 8383
71 47 3830
81 39 6718
22 11 9309
5 46 3239
66 49 5650
94 71 4891
87 71 8100
50 82 7299
92 98 4170
27 71 181
49 76 5172
48 12 384
21 97 4648
92 46 922
41 64 5108
59 95 4297
67 47 7723
71 44 5867
96 5 607
47 28 4647
15 100 8561
94 54 717
85 91 4592
25 95 1899
69 24 1039
31 42 803
42 34 7849
2 78 1611
64 6 8020
16 19 6085
30 51 2614
100 89 7647
12 2 4420
10 75 8244
63 6 7219
37 62 6020
90 52 9382
38 70 901
17 93 101
22 69 2113
14 31 8565
57 96 475
8 79 2271
100 80 4951
46 1 5161
17 65 4245
72 20 3833
25 33 9721
37 29 9546
13 21 5654
19 29 8375
63 29 9522
70 56 5906
57 4 7376
71 79 6789
20 88 7894
47 93 7847
28 83 721
3 96 1364
47 49 9623
54 10 4043
89 45 6440
7 66 129
33 28 5913
79 88 6462
4 70 1542
5 39 3120
6 52 1450
79 84 6804
67 61 5035
47 86 6875
43 42 1694
58 71 960
9 74 4355
39 78 2241
21 94 7153
30 93 341
5 100 1752
49 73 1322
86 96 6384
99 11 8
18 3 7426
50 9 9652
52 86 4216
6 50 1354
24 7 7385
60 31 3376
6 35 2364
23 18 4611
77 15 1158
100
53 84
34 39
61 77
74 63
73 33
38 91
1 76
40 14
90 67
84 57
14 96
41 90
61 32
61 86
59 28
32 27
75 90
65 52
75 5
82 91
82 40
1 23
40 58
1 48
35 89
87 45
90 30
75 83
23 43
23 21
34 47
90 32
81 68
16 71
14 80
73 72
73 25
41 83
44 30
82 26
51 45
72 13
77 91
36 62
59 26
41 66
87 16
35 57
81 26
16 78
13 13
76 96
35 18
91 51
58 65
65 24
65 89
45 28
27 8
53 30
83 72
34 82
62 9
82 22
74 72
56 15
56 48
74 93
23 77
44 75
61 100
36 88
74 8
82 83
23 34
99 84
38 6
80 46
56 23
83 98
14 7
23 41
43 76
58 60
55 86
62 30
36 74
98 7
99 47
53 74
51 82
72 8
23 18
77 88
90 17
59 91
65 7
61 17
73 53
44 69
