253523140
625240676
703706757
143913214
378404679
228280677
853358515
830365830
876243452
35957625
413964437
625209862
332289418
182380636
717120008
545424650
579613679
991972015
685742667
179417197
322591048
739413086
514257201
421020853
126922445
469807084
771696178
919265119
185288897
931364665
79393819
985396061
985588398
890473695
27972551
934874645
799673291
93455545
947580050
870992896
184258610
235987407
44686112
638467635
207426248
484916500
485995180
564711946
916980551
116837650
380460427
44071355
250947909
312345137
142207680
301197928
156989416
620518189
349187817
848528830
176428397
242152127
40322927
226939669
289463118
274806737
878156504
917131898
726599289
642984580
647079556
219783792
248787985
510390064
689992889
679643518
781431214
317718229
589357076
533323590
688011204
461772357
201736079
256400723
100233061
40535368
424388239
494471196
445018930
327892936
400280581
657138490
478643148
482102350
35812682
239178243
220903163
220903163
983013537
202629592
202629592
799971112
145776662
493422832
267711204
489936769
574938234
999515857
921787175
708680584
88847810
417239572
417239572
634938466
795299906
855280271
303768854
945873760
682783158
682783158
682783158
284778544
286487149
784545937
985404108
277212361
58899588
58899588
887350055
275916294
380824237
568101118
568101118
241019101
241019101
167168231
263790135
908318767
101265871
229456584
766220446
766220446
782984583
782984583
547615903
594944477
594944477
855477891
226926713
984275289
100355605
987137881
64936808
567070597
195921495
661101395
256613438
245485018
490399946
82916671
909534379
279301237
896293240
164656071
88006485
735724222
735724222
848822212
713829829
713829829
286390323
148981863
479007792
479007792
463819012
873085074
873085074
655088509
302820268
396843838
620402093
345848273
153163919
872932976
672141713
512240848
306949835
888766185
284691382
324353140
260257943
769005542
230619046
230619046
888478601
694402871
694402871
535373456
207107245
860090622
165220327
778797403
644246101
644246101
418352392
288609912
288288680
44690011
234977850
757504341
742420290
772839760
602419918
285626413
106781332
385333127
383137348
738632346
264016562
264016562
46410247
405774479
757164571
689926978
951296558
957054389
219035403
725769502
725769502
229606355
981557481
86052605
86052605
444947021
908901064
908901064
407086873
407086873
407086873
636273071
26347136
387956741
719524854
41683043
789319485
597348729
243646605
257440092
185378818
455273319
707045253
369130552
398585060
357032100
357032100
650500067
697667538
764689864
764689864
200229542
724174451
523843953
803090070
400791410
523726302
523726302
887545040
34256311
430308235
430308235
220218002
153615352
153615352
349672198
349672198
177378352
177378352
772507862
252209368
252209368
332435725
527570772
235424204
495996876
248993322
864635006
252363956
911866446
154207779
154207779
799648648
116284503
274704778
545950624
17322873
17322873
17322873
495975625
495975625
495975625
495975625
420715351
604589616
707753924
875545252
875545252
875545252
875545252
875545252
875545252
875545252
875545252
565005991
130966096
130966096
563154636
387455854
577996277
319226731
103460477
484323883
782503541
905525499
905525499
823073936
479370116
321392224
321392224
321392224
660722792
346691704
792082053
623109706
623109706
471706491
471706491
471706491
360964328
360964328
907477283
352552428
316623852
316623852
316623852
180664675
539186121
539186121
539186121
539186121
503576322
591711905
668914852
39623040
83148155
507025804
507025804
507025804
958466681
213292494
416821574
11470038
415028678
232850621
495660037
462354488
569861419
933704544
18636462
259767154
259767154
473106435
473106435
463400379
181442176
881505397
881505397
675325226
675325226
676383302
39023383
176474144
585311332
345784223
4905842
4905842
4905842
4905842
899924689
62083966
62083966
668834078
380559747
185971639
679458362
882243123
882243123
947355175
229731041
229731041
88238245
88238245
88238245
88238245
88238245
88238245
50423190
50423190
50423190
50423190
50423190
970375036
554694407
548898332
987025435
506848003
742329388
932399847
383391855
959793650
691869773
691869773
691869773
521945306
243651767
185745987
262560453
262560453
386070979
386070979
901246458
689451452
689451452
689451452
689451452
689451452
539999422
943092029
692593372
692593372
676767844
934787014
934787014
934787014
552267865
39655029
220059785
485586960
800459984
800459984
363305632
574340520
571214795
571214795
507318855
507318855
507318855
74885116
877264347
942338893
942338893
839350661
783083102
972159706
309548690
147077183
128833843
128833843
128833843
703190836
703190836
458987588
458987588
482718903
611003320
611980525
857625045
535028249
945537818
945537818
199181795
277614114
277614114
805373182
805373182
106294616
106294616
106294616
537388830
399066993
391881605
391881605
391881605
391881605
871193117
155722443
875884149
875884149
875884149
251431185
993252293
993252293
589108237
589108237
491196387
491196387
857657871
857657871
587552137
587552137
587552137
587552137
587552137
587552137
886427571
360142858
253264970
253264970
253264970
138065117
271695428
290979328
827151638
827151638
947669962
835986668
835986668
148281207
44407561
709318337
709318337
709318337
483380399
483380399
366695013
366695013
203886142
893918499
697402329
370670078
370670078
370670078
370670078
861174615
715598718
715598718
914801027
48369266
55044679
190583345
761495853
387327707
387327707
127109655
109027824
109027824
109027824
109027824
109027824
713431538
246840319
246840319
922439082
922439082
173508379
968008428
968008428
968008428
364635285
326449776
216361084
362162673
196352067
394325330
703470183
956025467
185373723
629930597
629930597
872575248
282691417
282691417
282691417
100678686
100678686
936073859
418375938
806298138
471824596
471824596
471824596
110861014
377667933
377667933
377667933
377667933
428479548
418883763
235972196
58718618
58718618
592834038
566872338
991842068
281520737
151676205
151676205
151676205
151676205
80593001
80593001
211841507
211841507
211841507
211841507
822361144
822361144
822361144
927061046
927061046
402687844
402687844
994084036
684535263
684535263
428508412
428508412
428508412
971800783
810769911
810769911
810769911
421318008
246363995
246363995
246363995
246363995
11691970
11691970
11691970
11691970
139263541
555817826
555817826
555817826
877569130
680297867
680297867
680297867
680297867
680297867
703939963
703939963
411202925
411202925
411202925
759336893
759336893
448678139
448678139
524613279
394978664
394978664
694243259
694243259
68511024
907889942
907889942
912939852
661994097
661994097
257013739
572203519
572203519
486132635
486132635
486132635
909581211
909581211
370194118
370194118
370194118
370194118
370194118
924767148
795278187
795278187
272289367
272289367
272289367
272289367
272289367
272289367
236826286
236826286
59521312
59521312
59521312
626185745
626185745
626185745
453067931
282085285
282085285
282085285
282085285
282085285
282085285
79060032
542170064
645010344
797694637
797694637
797694637
797694637
797694637
797694637
797694637
639190783
639190783
237753891
744692035
744692035
744692035
744692035
744692035
51671761
94010443
94010443
94010443
759785885
759785885
759785885
400323456
400323456
400323456
421097962
167522558
167522558
518335172
190928584
190928584
190928584
190928584
190928584
190928584
39245253
39245253
323027376
323027376
323027376
508513463
588547440
784718660
784718660
784718660
799102520
799102520
799102520
799102520
956105809
74324530
74324530
74324530
74324530
74324530
74324530
517980563
23995793
23995793
28503802
28503802
326836886
516751063
516751063
183858722
183858722
183858722
183858722
61439703
61439703
61439703
61439703
813615194
813615194
813615194
427993334
345940638
345940638
345940638
345940638
345940638
934018071
934018071
934018071
740285150
89032387
89032387
517474501
517474501
540250927
540250927
540250927
540250927
540250927
728133860
728133860
728133860
153669394
728779465
728779465
126844017
126844017
126844017
126844017
126844017
126844017
939457808
889239611
604291697
604291697
604291697
685412405
685412405
685412405
685412405
685412405
685412405
685412405
685412405
566998721
766450760
636621391
636621391
636621391
636621391
636621391
179021830
179021830
692024282
342331289
342331289
949872421
92959665
92959665
700619736
700619736
700619736
700619736
700619736
772161742
772161742
772161742
772161742
137375723
137375723
137375723
910821876
910821876
304018676
304018676
927138407
927138407
927138407
26042411
141029965
908033889
908033889
527927595
527927595
527927595
989836206
989836206
989836206
989836206
214076704
837082723
837082723
906229975
119050987
119050987
119050987
119050987
119050987
119050987
119050987
915489896
915489896
915489896
740377699
740377699
740377699
740377699
559859525
290647825
37797327
37797327
37797327
559897554
876083564
876083564
321850860
321850860
994481744
633776914
633776914
633776914
633776914
633776914
633776914
633776914
633776914
633776914
633776914
633776914
633776914
633776914
608483117
608483117
824548315
824548315
824548315
683965505
550011750
333491912
208995969
934171825
934171825
934171825
672012583
672012583
672012583
672012583
672012583
514800993
514800993
514800993
514800993
514800993
869025970
751176034
751176034
751176034
751176034
515706168
515706168
515706168
515706168
515706168
504880648
496371073
496371073
383202852
383202852
383202852
383202852
600729802
175071832
175071832
175071832
175071832
147702471
652557277
38553097
38553097
38553097
38553097
38553097
484331392
484331392
484331392
525951319
525951319
525951319
525951319
525951319
525951319
525951319
525951319
463832674
463832674
463832674
463832674
463832674
463832674
749081377
749081377
749081377
749081377
749081377
749081377
749081377
347875720
347875720
347875720
347875720
201739380
201739380
201739380
521830671
260105104
484282384
