1000 1000
707
498
772
160
723
700
771
425
729
242
47
680
179
880
135
593
457
516
382
669
595
25
556
816
681
101
461
244
536
435
344
988
324
58
257
538
176
13
800
411
696
977
136
645
80
274
624
200
738
381
637
634
916
831
471
537
967
981
191
261
402
802
280
914
653
613
827
915
14
824
368
778
367
26
116
329
774
766
374
845
163
289
961
61
118
440
661
975
519
504
230
508
219
851
107
495
118
818
545
545
92
838
277
528
494
142
685
548
443
620
976
624
813
551
377
863
16
514
816
92
814
844
465
225
133
807
844
785
527
945
627
766
650
374
638
580
982
155
618
36
425
20
638
554
454
863
525
335
506
263
8
464
950
795
97
805
904
276
656
994
305
114
137
833
776
136
716
703
118
587
380
843
904
999
489
498
472
842
662
389
636
351
923
817
870
532
780
254
674
484
328
177
795
134
828
851
710
676
621
815
38
37
977
936
214
204
735
704
330
951
195
90
839
520
635
497
670
383
716
502
205
270
29
775
885
892
227
538
309
699
619
454
262
258
107
131
309
435
970
573
180
734
148
117
394
668
63
231
62
757
560
21
872
627
542
74
920
892
318
768
812
292
821
235
230
616
314
628
988
877
401
815
487
191
161
230
965
306
47
363
143
213
744
969
203
393
268
52
554
558
933
260
539
855
260
999
927
97
292
780
739
24
925
832
402
634
258
877
368
26
276
86
392
927
693
356
806
794
989
996
597
395
289
887
499
12
47
593
792
69
51
250
595
830
213
872
157
528
312
354
732
877
52
511
369
227
838
573
978
437
875
347
9
826
680
367
547
164
677
88
809
282
54
158
43
559
625
565
368
720
114
574
640
986
833
366
554
754
835
397
326
546
709
927
828
587
93
342
155
398
33
639
419
338
845
937
883
393
905
625
268
674
536
832
220
97
155
227
276
834
884
450
378
730
891
642
248
102
357
996
179
418
144
243
141
988
584
401
299
598
877
219
8
703
371
808
56
338
240
823
14
645
641
510
278
212
206
851
308
644
921
735
91
776
356
590
111
600
584
288
396
125
286
59
820
270
489
799
277
990
394
728
96
747
307
968
251
832
589
691
968
100
618
513
516
177
931
447
617
158
772
877
124
470
955
314
88
991
452
716
697
411
304
440
234
546
769
832
976
814
288
520
500
742
663
200
925
940
752
966
796
799
924
673
286
49
860
694
277
794
596
855
983
883
42
535
293
372
996
495
677
767
239
244
633
226
121
287
406
1
80
683
702
738
504
955
831
431
361
833
770
527
479
664
180
766
297
971
448
400
106
964
35
682
459
686
638
825
974
875
968
449
29
751
705
343
521
459
328
31
667
747
335
887
743
903
186
570
371
862
331
422
837
399
504
399
883
518
707
426
520
686
697
218
93
705
861
134
438
1
266
345
137
530
52
489
643
253
815
425
490
935
118
383
308
40
766
374
527
333
649
69
742
358
67
862
691
465
304
712
31
549
676
326
979
968
458
29
819
777
966
610
422
998
906
306
255
48
812
984
791
802
654
642
705
846
702
852
780
31
324
292
228
152
511
4
554
924
399
820
63
388
452
485
157
780
174
903
799
430
787
452
228
981
532
418
391
19
72
509
778
324
56
546
342
777
873
29
836
878
877
861
248
380
171
563
465
160
18
734
906
578
449
618
236
310
707
284
98
367
35
999
643
111
788
155
300
8
180
201
651
462
508
464
165
667
937
739
569
562
382
440
699
500
176
706
601
846
985
280
41
993
830
412
562
80
425
789
878
277
767
934
743
693
290
325
686
312
649
757
773
330
595
348
679
589
496
325
259
796
560
62
821
385
545
683
724
232
485
666
773
937
354
262
702
434
609
60
836
227
352
513
766
961
904
634
431
619
783
466
456
448
471
367
884
647
653
901
315
485
874
386
527
187
974
600
738
933
928
134
254
709
711
983
618
797
637
626
228
216
799
201
362
10
678
386
296
268
776
1000
61
377
880
467
70
843
346
980
978
823
400
90
732
668
543
832
787
32
506
965
653
156
687
522
528
771
221
623
40
583
156
534
77
59
637
511
945
106
806
818
862
583
255
928
142
170
975
803
809
778
840
209
210
829
439
38
354
938
293
966
180
616
113
975
392
532
667
269
81
558
538
915
750
845
111
729
508
127
592
24
138
993
118
72
252
245
967
203
625
567
701
688
933
703
653
873
120
250
641
109
20
401
111
686
619
393
967
188
471
601
288
776
80
23
668
578
514
563
32
627
740
98
101
212
130
333
634
166
523
215
